{"backend": "ibm_boston", "job_id": "d8icv966983c73ds0fa0 + d8icvru6983c73ds0fr0 + d8id0ee6983c73ds0ge0 + d8id1042upec739m2tlg", "job_ids": ["d8icv966983c73ds0fa0", "d8icvru6983c73ds0fr0", "d8id0ee6983c73ds0ge0", "d8id1042upec739m2tlg"], "shots": 200000, "n_qubits": 48, "institutions": [{"ticker": "JPM", "name": "JPMorgan Chase", "region": "US", "regionName": "North America"}, {"ticker": "BAC", "name": "Bank of America", "region": "US", "regionName": "North America"}, {"ticker": "C", "name": "Citigroup", "region": "US", "regionName": "North America"}, {"ticker": "WFC", "name": "Wells Fargo", "region": "US", "regionName": "North America"}, {"ticker": "GS", "name": "Goldman Sachs", "region": "US", "regionName": "North America"}, {"ticker": "MS", "name": "Morgan Stanley", "region": "US", "regionName": "North America"}, {"ticker": "USB", "name": "U.S. Bancorp", "region": "US", "regionName": "North America"}, {"ticker": "PNC", "name": "PNC Financial", "region": "US", "regionName": "North America"}, {"ticker": "TFC", "name": "Truist Financial", "region": "US", "regionName": "North America"}, {"ticker": "BK", "name": "Bank of New York Mellon", "region": "US", "regionName": "North America"}, {"ticker": "STT", "name": "State Street", "region": "US", "regionName": "North America"}, {"ticker": "HSBC", "name": "HSBC Holdings", "region": "UK", "regionName": "UK & Europe"}, {"ticker": "BCS", "name": "Barclays", "region": "UK", "regionName": "UK & Europe"}, {"ticker": "LYG", "name": "Lloyds Banking Group", "region": "UK", "regionName": "UK & Europe"}, {"ticker": "DB", "name": "Deutsche Bank", "region": "EU", "regionName": "UK & Europe"}, {"ticker": "SAN", "name": "Banco Santander", "region": "EU", "regionName": "UK & Europe"}, {"ticker": "BBVA", "name": "Banco Bilbao Vizcaya Argentaria", "region": "EU", "regionName": "UK & Europe"}, {"ticker": "ING", "name": "ING Groep", "region": "EU", "regionName": "UK & Europe"}, {"ticker": "UBS", "name": "UBS Group", "region": "EU", "regionName": "UK & Europe"}, {"ticker": "MUFG", "name": "Mitsubishi UFJ Financial Group", "region": "JP", "regionName": "Japan"}, {"ticker": "SMFG", "name": "Sumitomo Mitsui Financial Group", "region": "JP", "regionName": "Japan"}, {"ticker": "MFG", "name": "Mizuho Financial Group", "region": "JP", "regionName": "Japan"}, {"ticker": "NMR", "name": "Nomura Holdings", "region": "JP", "regionName": "Japan"}, {"ticker": "RY", "name": "Royal Bank of Canada", "region": "CA", "regionName": "North America"}, {"ticker": "TD", "name": "Toronto-Dominion Bank", "region": "CA", "regionName": "North America"}, {"ticker": "BNS", "name": "Bank of Nova Scotia", "region": "CA", "regionName": "North America"}, {"ticker": "ITUB", "name": "Itau Unibanco", "region": "LATAM", "regionName": "Energy & LatAm"}, {"ticker": "BBD", "name": "Banco Bradesco", "region": "LATAM", "regionName": "Energy & LatAm"}, {"ticker": "AAPL", "name": "Apple", "region": "US", "regionName": "North America"}, {"ticker": "MSFT", "name": "Microsoft", "region": "US", "regionName": "North America"}, {"ticker": "XOM", "name": "ExxonMobil", "region": "US", "regionName": "North America"}, {"ticker": "WMT", "name": "Walmart", "region": "US", "regionName": "North America"}, {"ticker": "BA", "name": "Boeing", "region": "US", "regionName": "North America"}, {"ticker": "T", "name": "AT&T", "region": "US", "regionName": "North America"}, {"ticker": "TM", "name": "Toyota Motor", "region": "JP", "regionName": "Japan"}, {"ticker": "VWAGY", "name": "Volkswagen", "region": "EU", "regionName": "UK & Europe"}, {"ticker": "SIEGY", "name": "Siemens", "region": "EU", "regionName": "UK & Europe"}, {"ticker": "PBR", "name": "Petrobras", "region": "LATAM", "regionName": "Energy & LatAm"}, {"ticker": "ICBC", "name": "Industrial & Commercial Bank of China", "region": "APAC", "regionName": "B:US+APAC"}, {"ticker": "DBS", "name": "DBS Group", "region": "APAC", "regionName": "B:US+APAC"}, {"ticker": "ICICI", "name": "ICICI Bank", "region": "APAC", "regionName": "B:US+APAC"}, {"ticker": "KB", "name": "KB Financial Group", "region": "APAC", "regionName": "B:US+APAC"}, {"ticker": "CBA", "name": "Commonwealth Bank of Australia", "region": "OCEANIA", "regionName": "D:JP+OCEANIA"}, {"ticker": "WBC", "name": "Westpac Banking Corp", "region": "OCEANIA", "regionName": "D:JP+OCEANIA"}, {"ticker": "RJHI", "name": "Al Rajhi Bank", "region": "MEA", "regionName": "D:JP+OCEANIA"}, {"ticker": "QNB", "name": "Qatar National Bank", "region": "MEA", "regionName": "D:JP+OCEANIA"}, {"ticker": "SBK", "name": "Standard Bank Group", "region": "AFRICA", "regionName": "B:US+APAC"}, {"ticker": "FSR", "name": "FirstRand", "region": "AFRICA", "regionName": "B:US+APAC"}], "max_degree": null, "entanglers": 263, "entanglement_depth": 51, "circuit_depth": 941, "two_qubit_gates": 1402, "circuit_operations": {"sx": 2765, "rz": 1755, "cz": 1402, "x": 194, "measure": 48, "barrier": 4}, "exact_ground_truth": false, "marginal_rmse_vs_target": 0.18813, "pairwise_joint_rmse_vs_target": 0.087, "marginal_rmse_vs_ideal": 0.18787, "pairwise_joint_rmse_vs_ideal": 0.0868, "target_marginals": [0.06939, 0.06939, 0.22458, 0.22458, 0.22458, 0.06939, 0.06939, 0.06939, 0.06939, 0.06939, 0.06939, 0.06939, 0.22458, 0.22458, 0.06939, 0.06939, 0.06939, 0.06939, 0.06939, 0.06939, 0.06939, 0.06939, 0.22458, 0.05295, 0.05295, 0.06939, 0.56763, 0.56763, 0.05295, 0.027, 0.05295, 0.05295, 0.22458, 0.22458, 0.06939, 0.22458, 0.06939, 0.56763, 0.06939, 0.05295, 0.22458, 0.06939, 0.05295, 0.05295, 0.06939, 0.06939, 0.56763, 0.56763], "hardware_marginals": [0.14033, 0.17439, 0.2126, 0.21891, 0.31165, 0.3457, 0.37916, 0.21887, 0.3911, 0.26887, 0.30677, 0.09903, 0.20019, 0.16412, 0.15604, 0.14502, 0.14269, 0.14822, 0.14718, 0.1302, 0.09286, 0.08932, 0.25621, 0.45582, 0.46174, 0.387, 0.5258, 0.5251, 0.1407, 0.12599, 0.46635, 0.11019, 0.36078, 0.41635, 0.20191, 0.31412, 0.26192, 0.56329, 0.34517, 0.46102, 0.40547, 0.40688, 0.16331, 0.28552, 0.25291, 0.09765, 0.49223, 0.55957], "ideal_marginals": [0.07032, 0.07119, 0.22563, 0.22528, 0.22515, 0.06942, 0.07042, 0.07088, 0.0702, 0.06993, 0.07045, 0.07089, 0.22567, 0.22591, 0.06975, 0.07017, 0.06976, 0.06939, 0.06976, 0.06964, 0.06954, 0.07024, 0.22484, 0.0531, 0.053, 0.06974, 0.56979, 0.56867, 0.05348, 0.02749, 0.053, 0.05237, 0.22495, 0.2249, 0.07059, 0.22509, 0.06875, 0.57059, 0.07003, 0.05359, 0.2248, 0.06969, 0.05346, 0.0523, 0.06929, 0.06938, 0.56675, 0.56885], "default_count_hist": [210, 5934, 7317, 6670, 7565, 8162, 9035, 9313, 9418, 9058, 8855, 8365, 8328, 8128, 8241, 8353, 8298, 7787, 7493, 6907, 6395, 5803, 5145, 4575, 4020, 3542, 3129, 2621, 2218, 1869, 1601, 1302, 1132, 901, 672, 516, 410, 242, 150, 128, 73, 40, 40, 24, 9, 2, 1, 3, 0], "mean_defaults": 13.526225, "expected_defaults_target": 7.200000000002075, "pairwise_corr": [[1.0, 0.1743, 0.1672, 0.18, 0.1714, 0.0796, 0.076, 0.1491, 0.1025, 0.0974, 0.1256, 0.2001, 0.2179, 0.215, 0.1734, 0.1788, 0.1907, 0.1958, 0.1959, 0.207, 0.2035, 0.1832, 0.1976, 0.0236, 0.0313, 0.0789, 0.164, 0.131, 0.0996, 0.0967, 0.0316, 0.1038, 0.1191, 0.1385, 0.2245, 0.1672, 0.1756, 0.1169, 0.1143, 0.1356, 0.1295, 0.0923, 0.1959, 0.2173, 0.1885, 0.0871, 0.0579, 0.0679], [0.1743, 1.0, 0.0777, 0.1577, 0.1353, 0.0538, 0.0464, 0.1518, 0.0498, 0.1168, 0.0877, 0.1713, 0.1896, 0.189, 0.1523, 0.1528, 0.1649, 0.1659, 0.1662, 0.1744, 0.168, 0.1517, 0.171, 0.0232, 0.0231, 0.0698, 0.1493, 0.1175, 0.0915, 0.0865, 0.0299, 0.0868, 0.108, 0.1272, 0.194, 0.1517, 0.151, 0.1033, 0.1055, 0.1233, 0.111, 0.0832, 0.1695, 0.1901, 0.1695, 0.0812, 0.0462, 0.0618], [0.1672, 0.0777, 1.0, 0.2517, 0.2387, 0.0741, 0.0552, 0.1669, 0.0661, 0.1281, 0.0717, 0.1974, 0.2263, 0.2216, 0.181, 0.1809, 0.1947, 0.1985, 0.1976, 0.2056, 0.1921, 0.1746, 0.2131, 0.0726, 0.0433, 0.1053, 0.1862, 0.1515, 0.1064, 0.1014, 0.0328, 0.1072, 0.1306, 0.1539, 0.2291, 0.1903, 0.1941, 0.1284, 0.1203, 0.1572, 0.1386, 0.1039, 0.2009, 0.2382, 0.2098, 0.0961, 0.0561, 0.0751], [0.18, 0.1577, 0.2517, 1.0, 0.242, 0.0798, 0.0617, 0.1758, 0.0773, 0.1208, 0.0905, 0.2203, 0.2503, 0.246, 0.1985, 0.2033, 0.2205, 0.2241, 0.2217, 0.2278, 0.2193, 0.195, 0.2338, 0.0893, 0.0412, 0.1875, 0.2011, 0.1616, 0.1136, 0.1093, 0.0267, 0.1232, 0.1449, 0.167, 0.2569, 0.2075, 0.2106, 0.1435, 0.1341, 0.1705, 0.1534, 0.1117, 0.2221, 0.2606, 0.2303, 0.1077, 0.0631, 0.0814], [0.1714, 0.1353, 0.2387, 0.242, 1.0, 0.082, 0.0417, 0.1126, 0.0548, 0.1809, 0.1175, 0.2065, 0.2467, 0.2374, 0.1968, 0.1973, 0.2129, 0.2143, 0.2166, 0.2174, 0.2046, 0.184, 0.2326, 0.0851, 0.0387, 0.2258, 0.2163, 0.1767, 0.1146, 0.1081, 0.0369, 0.1265, 0.1473, 0.1754, 0.2505, 0.2183, 0.2165, 0.1567, 0.1311, 0.1795, 0.1602, 0.1134, 0.2155, 0.2615, 0.237, 0.1079, 0.057, 0.0816], [0.0796, 0.0538, 0.0741, 0.0798, 0.082, 1.0, 0.0341, 0.0514, 0.3423, 0.1295, 0.0977, 0.1656, 0.2103, 0.1954, 0.1703, 0.1663, 0.1777, 0.1785, 0.1806, 0.1757, 0.1606, 0.1501, 0.2113, 0.1654, 0.1154, 0.1172, 0.2143, 0.1836, 0.0973, 0.091, 0.0298, 0.1136, 0.1449, 0.165, 0.2124, 0.2061, 0.2038, 0.1562, 0.1252, 0.1779, 0.1454, 0.1119, 0.1779, 0.2325, 0.2116, 0.1029, 0.0306, 0.0694], [0.076, 0.0464, 0.0552, 0.0617, 0.0417, 0.0341, 1.0, 0.0535, 0.014, 0.047, 0.0775, 0.125, 0.1439, 0.1362, 0.1126, 0.1146, 0.1233, 0.1271, 0.1245, 0.1253, 0.1186, 0.1088, 0.1335, 0.0123, 0.0228, 0.0035, 0.1335, 0.1108, 0.0713, 0.0666, 0.0736, 0.0728, 0.0909, 0.1098, 0.1479, 0.1252, 0.1214, 0.096, 0.0876, 0.1099, 0.1007, 0.0787, 0.1265, 0.1491, 0.1316, 0.0688, 0.0272, 0.0461], [0.1491, 0.1518, 0.1669, 0.1758, 0.1126, 0.0514, 0.0535, 1.0, 0.0354, 0.1051, 0.0762, 0.1727, 0.1968, 0.1921, 0.158, 0.1634, 0.1734, 0.1782, 0.1745, 0.1825, 0.1721, 0.1541, 0.186, 0.0327, 0.0226, 0.1237, 0.1641, 0.1297, 0.091, 0.0907, 0.0325, 0.0926, 0.1166, 0.1373, 0.2014, 0.1638, 0.1699, 0.1172, 0.1071, 0.1375, 0.1246, 0.0949, 0.1746, 0.2079, 0.1838, 0.0847, 0.0488, 0.0658], [0.1025, 0.0498, 0.0661, 0.0773, 0.0548, 0.3423, 0.014, 0.0354, 1.0, 0.0613, 0.0569, 0.1423, 0.1889, 0.175, 0.1579, 0.1533, 0.1585, 0.1585, 0.1599, 0.15, 0.1384, 0.1264, 0.202, 0.2361, 0.1298, 0.0879, 0.2198, 0.194, 0.0885, 0.0851, 0.0597, 0.1091, 0.1388, 0.1639, 0.1898, 0.1985, 0.1921, 0.1557, 0.1239, 0.1765, 0.1418, 0.1106, 0.1642, 0.2227, 0.2016, 0.0981, 0.0232, 0.0588], [0.0974, 0.1168, 0.1281, 0.1208, 0.1809, 0.1295, 0.047, 0.1051, 0.0613, 1.0, 0.1024, 0.1689, 0.2074, 0.195, 0.1675, 0.1698, 0.1756, 0.1774, 0.1788, 0.1787, 0.1657, 0.1475, 0.2042, 0.0848, 0.1138, 0.089, 0.1957, 0.1627, 0.0928, 0.0912, 0.0341, 0.108, 0.1294, 0.155, 0.2116, 0.1887, 0.1878, 0.1359, 0.1178, 0.1626, 0.1347, 0.1038, 0.1791, 0.2261, 0.2037, 0.091, 0.0419, 0.0693], [0.1256, 0.0877, 0.0717, 0.0905, 0.1175, 0.0977, 0.0775, 0.0762, 0.0569, 0.1024, 1.0, 0.1652, 0.1919, 0.1868, 0.1495, 0.1556, 0.169, 0.1724, 0.1676, 0.1645, 0.1568, 0.1423, 0.1855, 0.064, 0.0327, 0.1181, 0.1768, 0.1497, 0.0942, 0.0872, 0.0893, 0.0997, 0.121, 0.1414, 0.2003, 0.1737, 0.1699, 0.127, 0.1097, 0.1459, 0.1294, 0.0965, 0.1716, 0.2074, 0.1856, 0.0879, 0.0413, 0.0636], [0.2001, 0.1713, 0.1974, 0.2203, 0.2065, 0.1656, 0.125, 0.1727, 0.1423, 0.1689, 0.1652, 1.0, 0.2872, 0.2902, 0.2178, 0.2316, 0.2293, 0.2383, 0.195, 0.2773, 0.2776, 0.2486, 0.2413, 0.124, 0.1102, 0.1597, 0.1797, 0.1319, 0.1354, 0.1284, 0.1067, 0.1276, 0.1496, 0.1647, 0.2924, 0.1888, 0.1169, 0.1251, 0.1394, 0.1515, 0.1582, 0.1113, 0.2659, 0.2661, 0.2287, 0.1119, 0.0849, 0.0831], [0.2179, 0.1896, 0.2263, 0.2503, 0.2467, 0.2103, 0.1439, 0.1968, 0.1889, 0.2074, 0.1919, 0.2872, 1.0, 0.3678, 0.1747, 0.2281, 0.2675, 0.2701, 0.24, 0.2867, 0.277, 0.2452, 0.2932, 0.1655, 0.1473, 0.2077, 0.2396, 0.1829, 0.1414, 0.1396, 0.1287, 0.1525, 0.1713, 0.2005, 0.332, 0.2017, 0.1693, 0.1697, 0.1617, 0.2043, 0.1851, 0.1324, 0.2814, 0.3344, 0.2988, 0.1307, 0.0893, 0.1004], [0.215, 0.189, 0.2216, 0.246, 0.2374, 0.1954, 0.1362, 0.1921, 0.175, 0.195, 0.1868, 0.2902, 0.3678, 1.0, 0.1808, 0.2034, 0.2487, 0.2555, 0.2622, 0.2869, 0.2727, 0.2444, 0.2746, 0.1496, 0.134, 0.195, 0.2243, 0.1655, 0.1384, 0.1346, 0.1216, 0.1444, 0.1653, 0.1884, 0.3231, 0.1655, 0.1987, 0.1568, 0.1524, 0.1899, 0.1814, 0.1279, 0.2798, 0.3183, 0.2805, 0.1248, 0.0935, 0.0963], [0.1734, 0.1523, 0.181, 0.1985, 0.1968, 0.1703, 0.1126, 0.158, 0.1579, 0.1675, 0.1495, 0.2178, 0.1747, 0.1808, 1.0, 0.1541, 0.1896, 0.2244, 0.1829, 0.2328, 0.2318, 0.2096, 0.2341, 0.1337, 0.1199, 0.1668, 0.194, 0.1516, 0.1169, 0.1132, 0.1055, 0.1209, 0.1439, 0.1656, 0.262, 0.1, 0.1692, 0.1387, 0.1294, 0.1594, 0.1462, 0.1078, 0.2274, 0.2588, 0.2217, 0.1053, 0.0678, 0.0827], [0.1788, 0.1528, 0.1809, 0.2033, 0.1973, 0.1663, 0.1146, 0.1634, 0.1533, 0.1698, 0.1556, 0.2316, 0.2281, 0.2034, 0.1541, 1.0, 0.1508, 0.1992, 0.1963, 0.244, 0.2327, 0.2159, 0.2327, 0.1353, 0.116, 0.1663, 0.1925, 0.1504, 0.1199, 0.1132, 0.1043, 0.123, 0.1373, 0.1626, 0.2666, 0.0798, 0.2102, 0.1338, 0.13, 0.1605, 0.1481, 0.1115, 0.2346, 0.2637, 0.2288, 0.1082, 0.0728, 0.0827], [0.1907, 0.1649, 0.1947, 0.2205, 0.2129, 0.1777, 0.1233, 0.1734, 0.1585, 0.1756, 0.169, 0.2293, 0.2675, 0.2487, 0.1896, 0.1508, 1.0, 0.2222, 0.2757, 0.2502, 0.2451, 0.2233, 0.2523, 0.1379, 0.1245, 0.1754, 0.2011, 0.1522, 0.1276, 0.124, 0.1121, 0.1318, 0.1479, 0.1717, 0.2911, 0.1742, 0.1245, 0.142, 0.1393, 0.1732, 0.1586, 0.1154, 0.2497, 0.2835, 0.2531, 0.1148, 0.0785, 0.0885], [0.1958, 0.1659, 0.1985, 0.2241, 0.2143, 0.1785, 0.1271, 0.1782, 0.1585, 0.1774, 0.1724, 0.2383, 0.2701, 0.2555, 0.2244, 0.1992, 0.2222, 1.0, 0.2324, 0.2693, 0.2574, 0.2369, 0.2493, 0.1358, 0.1247, 0.1792, 0.2036, 0.1536, 0.1312, 0.1282, 0.1104, 0.1331, 0.1544, 0.1732, 0.294, 0.1394, 0.1323, 0.1444, 0.1426, 0.1699, 0.1641, 0.1167, 0.2563, 0.2807, 0.2416, 0.1154, 0.0782, 0.0851], [0.1959, 0.1662, 0.1976, 0.2217, 0.2166, 0.1806, 0.1245, 0.1745, 0.1599, 0.1788, 0.1676, 0.195, 0.24, 0.2622, 0.1829, 0.1963, 0.2757, 0.2324, 1.0, 0.262, 0.2502, 0.2249, 0.252, 0.1382, 0.1264, 0.1824, 0.2034, 0.1543, 0.1282, 0.1245, 0.112, 0.1351, 0.1511, 0.1733, 0.2975, 0.1243, 0.1844, 0.1433, 0.141, 0.1761, 0.1646, 0.1152, 0.2532, 0.2866, 0.2528, 0.1174, 0.0776, 0.0871], [0.207, 0.1744, 0.2056, 0.2278, 0.2174, 0.1757, 0.1253, 0.1825, 0.15, 0.1787, 0.1645, 0.2773, 0.2867, 0.2869, 0.2328, 0.244, 0.2502, 0.2693, 0.262, 1.0, 0.3911, 0.288, 0.1671, 0.1343, 0.1219, 0.1727, 0.1925, 0.15, 0.1425, 0.1362, 0.1122, 0.1067, 0.1566, 0.1726, 0.228, 0.2122, 0.2164, 0.1379, 0.1456, 0.1614, 0.1598, 0.1171, 0.3069, 0.1503, 0.2322, 0.0215, 0.0832, 0.089], [0.2035, 0.168, 0.1921, 0.2193, 0.2046, 0.1606, 0.1186, 0.1721, 0.1384, 0.1657, 0.1568, 0.2776, 0.277, 0.2727, 0.2318, 0.2327, 0.2451, 0.2574, 0.2502, 0.3911, 1.0, 0.346, 0.1848, 0.1141, 0.1075, 0.1581, 0.1734, 0.1313, 0.1376, 0.1336, 0.098, 0.0712, 0.1427, 0.1597, 0.2232, 0.188, 0.1961, 0.1226, 0.1383, 0.1428, 0.1484, 0.1114, 0.3051, 0.1471, 0.1669, 0.0158, 0.0816, 0.0819], [0.1832, 0.1517, 0.1746, 0.195, 0.184, 0.1501, 0.1088, 0.1541, 0.1264, 0.1475, 0.1423, 0.2486, 0.2452, 0.2444, 0.2096, 0.2159, 0.2233, 0.2369, 0.2249, 0.288, 0.346, 1.0, 0.1689, 0.1088, 0.1039, 0.1397, 0.1567, 0.1188, 0.1301, 0.128, 0.0902, 0.0438, 0.1343, 0.142, 0.2271, 0.1677, 0.1729, 0.1143, 0.1324, 0.1293, 0.1343, 0.101, 0.2325, 0.1365, 0.1237, 0.0153, 0.0703, 0.0734], [0.1976, 0.171, 0.2131, 0.2338, 0.2326, 0.2113, 0.1335, 0.186, 0.202, 0.2042, 0.1855, 0.2413, 0.2932, 0.2746, 0.2341, 0.2327, 0.2523, 0.2493, 0.252, 0.1671, 0.1848, 0.1689, 1.0, 0.1803, 0.1534, 0.2127, 0.2578, 0.2081, 0.1285, 0.1196, 0.1319, 0.0528, 0.1653, 0.2033, 0.2246, 0.2684, 0.2723, 0.1756, 0.1491, 0.2169, 0.1818, 0.1316, 0.1563, 0.4481, 0.1778, 0.0724, 0.0724, 0.1003], [0.0236, 0.0232, 0.0726, 0.0893, 0.0851, 0.1654, 0.0123, 0.0327, 0.2361, 0.0848, 0.064, 0.124, 0.1655, 0.1496, 0.1337, 0.1353, 0.1379, 0.1358, 0.1382, 0.1343, 0.1141, 0.1088, 0.1803, 1.0, 0.1488, 0.1126, 0.2105, 0.1875, 0.0829, 0.0783, 0.0444, 0.1021, 0.1338, 0.1568, 0.165, 0.1858, 0.1731, 0.15, 0.1196, 0.1732, 0.1331, 0.1064, 0.1422, 0.1966, 0.1795, 0.0943, 0.0138, 0.0571], [0.0313, 0.0231, 0.0433, 0.0412, 0.0387, 0.1154, 0.0228, 0.0226, 0.1298, 0.1138, 0.0327, 0.1102, 0.1473, 0.134, 0.1199, 0.116, 0.1245, 0.1247, 0.1264, 0.1219, 0.1075, 0.1039, 0.1534, 0.1488, 1.0, 0.0508, 0.1775, 0.1621, 0.0725, 0.0714, 0.0701, 0.0834, 0.1157, 0.1315, 0.1512, 0.1544, 0.1493, 0.1289, 0.101, 0.1481, 0.1188, 0.0945, 0.1292, 0.1682, 0.1542, 0.0749, 0.0141, 0.0473], [0.0789, 0.0698, 0.1053, 0.1875, 0.2258, 0.1172, 0.0035, 0.1237, 0.0879, 0.089, 0.1181, 0.1597, 0.2077, 0.195, 0.1668, 0.1663, 0.1754, 0.1792, 0.1824, 0.1727, 0.1581, 0.1397, 0.2127, 0.1126, 0.0508, 1.0, 0.2145, 0.1786, 0.0972, 0.0898, 0.09, 0.1131, 0.1365, 0.1661, 0.2131, 0.1997, 0.203, 0.1517, 0.1246, 0.1785, 0.1437, 0.1102, 0.1768, 0.234, 0.214, 0.0973, 0.0366, 0.0707], [0.164, 0.1493, 0.1862, 0.2011, 0.2163, 0.2143, 0.1335, 0.1641, 0.2198, 0.1957, 0.1768, 0.1797, 0.2396, 0.2243, 0.194, 0.1925, 0.2011, 0.2036, 0.2034, 0.1925, 0.1734, 0.1567, 0.2578, 0.2105, 0.1775, 0.2145, 1.0, 0.3654, -0.0045, -0.0178, 0.1538, 0.1367, 0.0244, 0.2362, 0.2409, 0.2532, 0.2489, 0.2514, 0.0413, 0.363, 0.155, -0.0155, 0.2042, 0.283, 0.2596, 0.1265, -0.0942, 0.0131], [0.131, 0.1175, 0.1515, 0.1616, 0.1767, 0.1836, 0.1108, 0.1297, 0.194, 0.1627, 0.1497, 0.1319, 0.1829, 0.1655, 0.1516, 0.1504, 0.1522, 0.1536, 0.1543, 0.15, 0.1313, 0.1188, 0.2081, 0.1875, 0.1621, 0.1786, 0.3654, 1.0, -0.0087, -0.0176, 0.1399, 0.1136, 0.0582, 0.149, 0.1856, 0.2181, 0.2015, 0.2243, -0.0124, 0.2137, 0.1038, -0.0128, 0.1552, 0.2258, 0.2023, 0.0991, -0.1026, 0.0202], [0.0996, 0.0915, 0.1064, 0.1136, 0.1146, 0.0973, 0.0713, 0.091, 0.0885, 0.0928, 0.0942, 0.1354, 0.1414, 0.1384, 0.1169, 0.1199, 0.1276, 0.1312, 0.1282, 0.1425, 0.1376, 0.1301, 0.1285, 0.0829, 0.0725, 0.0972, -0.0045, -0.0087, 1.0, 0.21, 0.0686, 0.067, 0.0481, 0.0399, 0.1515, 0.1132, 0.1094, 0.0064, 0.0865, 0.0225, 0.0547, 0.0302, 0.135, 0.1452, 0.1232, 0.0607, 0.0001, -0.0185], [0.0967, 0.0865, 0.1014, 0.1093, 0.1081, 0.091, 0.0666, 0.0907, 0.0851, 0.0912, 0.0872, 0.1284, 0.1396, 0.1346, 0.1132, 0.1132, 0.124, 0.1282, 0.1245, 0.1362, 0.1336, 0.128, 0.1196, 0.0783, 0.0714, 0.0898, -0.0178, -0.0176, 0.21, 1.0, 0.058, 0.0653, 0.0789, 0.0617, 0.1429, 0.106, 0.1066, -0.0135, 0.1064, -0.0013, 0.036, 0.0426, 0.1278, 0.1355, 0.116, 0.0585, -0.0033, -0.0519], [0.0316, 0.0299, 0.0328, 0.0267, 0.0369, 0.0298, 0.0736, 0.0325, 0.0597, 0.0341, 0.0893, 0.1067, 0.1287, 0.1216, 0.1055, 0.1043, 0.1121, 0.1104, 0.112, 0.1122, 0.098, 0.0902, 0.1319, 0.0444, 0.0701, 0.09, 0.1538, 0.1399, 0.0686, 0.058, 1.0, 0.0732, 0.1017, 0.121, 0.1325, 0.1318, 0.1302, 0.1141, 0.0925, 0.1282, 0.1061, 0.0821, 0.1151, 0.1459, 0.1336, 0.0675, 0.0151, 0.0443], [0.1038, 0.0868, 0.1072, 0.1232, 0.1265, 0.1136, 0.0728, 0.0926, 0.1091, 0.108, 0.0997, 0.1276, 0.1525, 0.1444, 0.1209, 0.123, 0.1318, 0.1331, 0.1351, 0.1067, 0.0712, 0.0438, 0.0528, 0.1021, 0.0834, 0.1131, 0.1367, 0.1136, 0.067, 0.0653, 0.0732, 1.0, 0.0926, 0.1081, 0.0367, 0.1386, 0.1328, 0.0963, 0.083, 0.1123, 0.0989, 0.0712, 0.1267, 0.0484, 0.0956, 0.0159, 0.0326, 0.0495], [0.1191, 0.108, 0.1306, 0.1449, 0.1473, 0.1449, 0.0909, 0.1166, 0.1388, 0.1294, 0.121, 0.1496, 0.1713, 0.1653, 0.1439, 0.1373, 0.1479, 0.1544, 0.1511, 0.1566, 0.1427, 0.1343, 0.1653, 0.1338, 0.1157, 0.1365, 0.0244, 0.0582, 0.0481, 0.0789, 0.1017, 0.0926, 1.0, 0.0628, 0.1754, 0.1594, 0.1535, 0.0151, 0.1855, -0.0447, 0.0623, 0.1875, 0.1558, 0.1812, 0.163, 0.0785, 0.0005, -0.0596], [0.1385, 0.1272, 0.1539, 0.167, 0.1754, 0.165, 0.1098, 0.1373, 0.1639, 0.155, 0.1414, 0.1647, 0.2005, 0.1884, 0.1656, 0.1626, 0.1717, 0.1732, 0.1733, 0.1726, 0.1597, 0.142, 0.2033, 0.1568, 0.1315, 0.1661, 0.2362, 0.149, 0.0399, 0.0617, 0.121, 0.1081, 0.0628, 1.0, 0.205, 0.1957, 0.1941, 0.084, 0.1082, 0.1493, 0.0268, 0.0387, 0.1785, 0.224, 0.2043, 0.1007, -0.075, -0.0182], [0.2245, 0.194, 0.2291, 0.2569, 0.2505, 0.2124, 0.1479, 0.2014, 0.1898, 0.2116, 0.2003, 0.2924, 0.332, 0.3231, 0.262, 0.2666, 0.2911, 0.294, 0.2975, 0.228, 0.2232, 0.2271, 0.2246, 0.165, 0.1512, 0.2131, 0.2409, 0.1856, 0.1515, 0.1429, 0.1325, 0.0367, 0.1754, 0.205, 1.0, 0.2559, 0.2678, 0.172, 0.1651, 0.2083, 0.1907, 0.1356, 0.2343, 0.4116, 0.3331, 0.0612, 0.0924, 0.1014], [0.1672, 0.1517, 0.1903, 0.2075, 0.2183, 0.2061, 0.1252, 0.1638, 0.1985, 0.1887, 0.1737, 0.1888, 0.2017, 0.1655, 0.1, 0.0798, 0.1742, 0.1394, 0.1243, 0.2122, 0.188, 0.1677, 0.2684, 0.1858, 0.1544, 0.1997, 0.2532, 0.2181, 0.1132, 0.106, 0.1318, 0.1386, 0.1594, 0.1957, 0.2559, 1.0, 0.1984, 0.1779, 0.1422, 0.2121, 0.1665, 0.1244, 0.2147, 0.2893, 0.2647, 0.1246, 0.051, 0.0891], [0.1756, 0.151, 0.1941, 0.2106, 0.2165, 0.2038, 0.1214, 0.1699, 0.1921, 0.1878, 0.1699, 0.1169, 0.1693, 0.1987, 0.1692, 0.2102, 0.1245, 0.1323, 0.1844, 0.2164, 0.1961, 0.1729, 0.2723, 0.1731, 0.1493, 0.203, 0.2489, 0.2015, 0.1094, 0.1066, 0.1302, 0.1328, 0.1535, 0.1941, 0.2678, 0.1984, 1.0, 0.172, 0.1392, 0.2078, 0.1707, 0.1241, 0.2196, 0.3056, 0.2819, 0.1158, 0.0612, 0.0874], [0.1169, 0.1033, 0.1284, 0.1435, 0.1567, 0.1562, 0.096, 0.1172, 0.1557, 0.1359, 0.127, 0.1251, 0.1697, 0.1568, 0.1387, 0.1338, 0.142, 0.1444, 0.1433, 0.1379, 0.1226, 0.1143, 0.1756, 0.15, 0.1289, 0.1517, 0.2514, 0.2243, 0.0064, -0.0135, 0.1141, 0.0963, 0.0151, 0.084, 0.172, 0.1779, 0.172, 1.0, 0.0432, 0.1848, 0.0574, 0.0013, 0.1445, 0.1928, 0.1809, 0.087, -0.1779, -0.0255], [0.1143, 0.1055, 0.1203, 0.1341, 0.1311, 0.1252, 0.0876, 0.1071, 0.1239, 0.1178, 0.1097, 0.1394, 0.1617, 0.1524, 0.1294, 0.13, 0.1393, 0.1426, 0.141, 0.1456, 0.1383, 0.1324, 0.1491, 0.1196, 0.101, 0.1246, 0.0413, -0.0124, 0.0865, 0.1064, 0.0925, 0.083, 0.1855, 0.1082, 0.1651, 0.1422, 0.1392, 0.0432, 1.0, 0.0356, 0.0146, 0.0708, 0.1458, 0.1699, 0.1444, 0.0771, -0.057, -0.1216], [0.1356, 0.1233, 0.1572, 0.1705, 0.1795, 0.1779, 0.1099, 0.1375, 0.1765, 0.1626, 0.1459, 0.1515, 0.2043, 0.1899, 0.1594, 0.1605, 0.1732, 0.1699, 0.1761, 0.1614, 0.1428, 0.1293, 0.2169, 0.1732, 0.1481, 0.1785, 0.363, 0.2137, 0.0225, -0.0013, 0.1282, 0.1123, -0.0447, 0.1493, 0.2083, 0.2121, 0.2078, 0.1848, 0.0356, 1.0, 0.0803, 0.0046, 0.1694, 0.2409, 0.2205, 0.103, -0.097, 0.0077], [0.1295, 0.111, 0.1386, 0.1534, 0.1602, 0.1454, 0.1007, 0.1246, 0.1418, 0.1347, 0.1294, 0.1582, 0.1851, 0.1814, 0.1462, 0.1481, 0.1586, 0.1641, 0.1646, 0.1598, 0.1484, 0.1343, 0.1818, 0.1331, 0.1188, 0.1437, 0.155, 0.1038, 0.0547, 0.036, 0.1061, 0.0989, 0.0623, 0.0268, 0.1907, 0.1665, 0.1707, 0.0574, 0.0146, 0.0803, 1.0, 0.0461, 0.1616, 0.2011, 0.1839, 0.0835, 0.009, -0.0009], [0.0923, 0.0832, 0.1039, 0.1117, 0.1134, 0.1119, 0.0787, 0.0949, 0.1106, 0.1038, 0.0965, 0.1113, 0.1324, 0.1279, 0.1078, 0.1115, 0.1154, 0.1167, 0.1152, 0.1171, 0.1114, 0.101, 0.1316, 0.1064, 0.0945, 0.1102, -0.0155, -0.0128, 0.0302, 0.0426, 0.0821, 0.0712, 0.1875, 0.0387, 0.1356, 0.1244, 0.1241, 0.0013, 0.0708, 0.0046, 0.0461, 1.0, 0.1212, 0.1441, 0.129, 0.0617, -0.0661, -0.063], [0.1959, 0.1695, 0.2009, 0.2221, 0.2155, 0.1779, 0.1265, 0.1746, 0.1642, 0.1791, 0.1716, 0.2659, 0.2814, 0.2798, 0.2274, 0.2346, 0.2497, 0.2563, 0.2532, 0.3069, 0.3051, 0.2325, 0.1563, 0.1422, 0.1292, 0.1768, 0.2042, 0.1552, 0.135, 0.1278, 0.1151, 0.1267, 0.1558, 0.1785, 0.2343, 0.2147, 0.2196, 0.1445, 0.1458, 0.1694, 0.1616, 0.1212, 1.0, 0.1533, 0.1822, 0.0232, 0.0764, 0.0851], [0.2173, 0.1901, 0.2382, 0.2606, 0.2615, 0.2325, 0.1491, 0.2079, 0.2227, 0.2261, 0.2074, 0.2661, 0.3344, 0.3183, 0.2588, 0.2637, 0.2835, 0.2807, 0.2866, 0.1503, 0.1471, 0.1365, 0.4481, 0.1966, 0.1682, 0.234, 0.283, 0.2258, 0.1452, 0.1355, 0.1459, 0.0484, 0.1812, 0.224, 0.4116, 0.2893, 0.3056, 0.1928, 0.1699, 0.2409, 0.2011, 0.1441, 0.1533, 1.0, 0.2748, 0.1352, 0.0842, 0.1086], [0.1885, 0.1695, 0.2098, 0.2303, 0.237, 0.2116, 0.1316, 0.1838, 0.2016, 0.2037, 0.1856, 0.2287, 0.2988, 0.2805, 0.2217, 0.2288, 0.2531, 0.2416, 0.2528, 0.2322, 0.1669, 0.1237, 0.1778, 0.1795, 0.1542, 0.214, 0.2596, 0.2023, 0.1232, 0.116, 0.1336, 0.0956, 0.163, 0.2043, 0.3331, 0.2647, 0.2819, 0.1809, 0.1444, 0.2205, 0.1839, 0.129, 0.1822, 0.2748, 1.0, 0.0442, 0.0714, 0.0964], [0.0871, 0.0812, 0.0961, 0.1077, 0.1079, 0.1029, 0.0688, 0.0847, 0.0981, 0.091, 0.0879, 0.1119, 0.1307, 0.1248, 0.1053, 0.1082, 0.1148, 0.1154, 0.1174, 0.0215, 0.0158, 0.0153, 0.0724, 0.0943, 0.0749, 0.0973, 0.1265, 0.0991, 0.0607, 0.0585, 0.0675, 0.0159, 0.0785, 0.1007, 0.0612, 0.1246, 0.1158, 0.087, 0.0771, 0.103, 0.0835, 0.0617, 0.0232, 0.1352, 0.0442, 1.0, 0.0274, 0.0447], [0.0579, 0.0462, 0.0561, 0.0631, 0.057, 0.0306, 0.0272, 0.0488, 0.0232, 0.0419, 0.0413, 0.0849, 0.0893, 0.0935, 0.0678, 0.0728, 0.0785, 0.0782, 0.0776, 0.0832, 0.0816, 0.0703, 0.0724, 0.0138, 0.0141, 0.0366, -0.0942, -0.1026, 0.0001, -0.0033, 0.0151, 0.0326, 0.0005, -0.075, 0.0924, 0.051, 0.0612, -0.1779, -0.057, -0.097, 0.009, -0.0661, 0.0764, 0.0842, 0.0714, 0.0274, 1.0, 0.0493], [0.0679, 0.0618, 0.0751, 0.0814, 0.0816, 0.0694, 0.0461, 0.0658, 0.0588, 0.0693, 0.0636, 0.0831, 0.1004, 0.0963, 0.0827, 0.0827, 0.0885, 0.0851, 0.0871, 0.089, 0.0819, 0.0734, 0.1003, 0.0571, 0.0473, 0.0707, 0.0131, 0.0202, -0.0185, -0.0519, 0.0443, 0.0495, -0.0596, -0.0182, 0.1014, 0.0891, 0.0874, -0.0255, -0.1216, 0.0077, -0.0009, -0.063, 0.0851, 0.1086, 0.0964, 0.0447, 0.0493, 1.0]], "pairwise_joint": [[0.14033, 0.04744, 0.05359, 0.05658, 0.0713, 0.06167, 0.06602, 0.05214, 0.07226, 0.05273, 0.06317, 0.03466, 0.05838, 0.05069, 0.04376, 0.04222, 0.04319, 0.04496, 0.04476, 0.04247, 0.03355, 0.03068, 0.06592, 0.06805, 0.07022, 0.06767, 0.10222, 0.09642, 0.03177, 0.02882, 0.07092, 0.02676, 0.0705, 0.08214, 0.05964, 0.07103, 0.06357, 0.09918, 0.06731, 0.08818, 0.07899, 0.07285, 0.04807, 0.07415, 0.06395, 0.02268, 0.07913, 0.09023], [0.04744, 0.17439, 0.04915, 0.06292, 0.07812, 0.06999, 0.07466, 0.06198, 0.07742, 0.06654, 0.06884, 0.03668, 0.06369, 0.05518, 0.04818, 0.04571, 0.04677, 0.04822, 0.048, 0.04498, 0.03469, 0.032, 0.07301, 0.08388, 0.08489, 0.08039, 0.11997, 0.11383, 0.0366, 0.03286, 0.08698, 0.02953, 0.08259, 0.09639, 0.06475, 0.08149, 0.07086, 0.11766, 0.07922, 0.10371, 0.0914, 0.08646, 0.05225, 0.08236, 0.07206, 0.02618, 0.09461, 0.10922], [0.05359, 0.04915, 0.2126, 0.08912, 0.11149, 0.08793, 0.09158, 0.07477, 0.09634, 0.0804, 0.07876, 0.04517, 0.0796, 0.06847, 0.06005, 0.05689, 0.0582, 0.06037, 0.05994, 0.05599, 0.04256, 0.03937, 0.09253, 0.11171, 0.107, 0.10326, 0.14983, 0.14259, 0.04505, 0.04055, 0.10583, 0.03716, 0.10236, 0.11956, 0.08055, 0.10293, 0.09059, 0.14582, 0.0968, 0.13008, 0.11404, 0.10738, 0.06511, 0.10472, 0.09108, 0.03243, 0.11613, 0.13423], [0.05658, 0.06292, 0.08912, 0.21891, 0.11457, 0.09137, 0.09538, 0.07797, 0.10121, 0.081, 0.08442, 0.04889, 0.08524, 0.07361, 0.06394, 0.06135, 0.06313, 0.06538, 0.0647, 0.06021, 0.04665, 0.04254, 0.09829, 0.11818, 0.10957, 0.1225, 0.15663, 0.14832, 0.04714, 0.04258, 0.1076, 0.04007, 0.10774, 0.12518, 0.08685, 0.10859, 0.09563, 0.15274, 0.10193, 0.13608, 0.1199, 0.11176, 0.0697, 0.11118, 0.09676, 0.0346, 0.12081, 0.1392], [0.0713, 0.07812, 0.11149, 0.11457, 0.31165, 0.12581, 0.12753, 0.08977, 0.13426, 0.12094, 0.1207, 0.05943, 0.1081, 0.09187, 0.08171, 0.07737, 0.07895, 0.08147, 0.08142, 0.07446, 0.05644, 0.05214, 0.12688, 0.16168, 0.15284, 0.17155, 0.2139, 0.20452, 0.0623, 0.05588, 0.15387, 0.05269, 0.14521, 0.16981, 0.10951, 0.14483, 0.12572, 0.21154, 0.13644, 0.18512, 0.16281, 0.1526, 0.08779, 0.14369, 0.12654, 0.04527, 0.16659, 0.19316], [0.06167, 0.06999, 0.08793, 0.09137, 0.12581, 0.3457, 0.13894, 0.08578, 0.21466, 0.12026, 0.12748, 0.05776, 0.10923, 0.09116, 0.08334, 0.07799, 0.07888, 0.08141, 0.08131, 0.07313, 0.05427, 0.05124, 0.13245, 0.19675, 0.18699, 0.16093, 0.23267, 0.22514, 0.06473, 0.05792, 0.16828, 0.05501, 0.15782, 0.18263, 0.11034, 0.15409, 0.13316, 0.23157, 0.14763, 0.20156, 0.17411, 0.16681, 0.08774, 0.14864, 0.13118, 0.04828, 0.17745, 0.20984], [0.06602, 0.07466, 0.09158, 0.09538, 0.12753, 0.13894, 0.37916, 0.09372, 0.1516, 0.11205, 0.13366, 0.05566, 0.10385, 0.08669, 0.07899, 0.07456, 0.07503, 0.07812, 0.07721, 0.06982, 0.05192, 0.04892, 0.12541, 0.1758, 0.18058, 0.14757, 0.23171, 0.22595, 0.06538, 0.0585, 0.19462, 0.05284, 0.15798, 0.18413, 0.10537, 0.14729, 0.1252, 0.23667, 0.15107, 0.20139, 0.17772, 0.17303, 0.0846, 0.14093, 0.12365, 0.04694, 0.19324, 0.22328], [0.05214, 0.06198, 0.07477, 0.07797, 0.08977, 0.08578, 0.09372, 0.21887, 0.09273, 0.0781, 0.08168, 0.04301, 0.07637, 0.06535, 0.05785, 0.05552, 0.0563, 0.05863, 0.05778, 0.05389, 0.04097, 0.03772, 0.08965, 0.1065, 0.10572, 0.10962, 0.14896, 0.14172, 0.04388, 0.04002, 0.10877, 0.03611, 0.10212, 0.11911, 0.07762, 0.1002, 0.08821, 0.14732, 0.0966, 0.12924, 0.11405, 0.10833, 0.06243, 0.10132, 0.0884, 0.03177, 0.11782, 0.13598], [0.07226, 0.07742, 0.09634, 0.10121, 0.13426, 0.21466, 0.1516, 0.09273, 0.3911, 0.11842, 0.13278, 0.05948, 0.11518, 0.09582, 0.08898, 0.08306, 0.08285, 0.08546, 0.08521, 0.07555, 0.05592, 0.05252, 0.14323, 0.23567, 0.21217, 0.17225, 0.2592, 0.25266, 0.07006, 0.06306, 0.19692, 0.05976, 0.17363, 0.20227, 0.11614, 0.16781, 0.14366, 0.25798, 0.16375, 0.22325, 0.19256, 0.18565, 0.09348, 0.16076, 0.14169, 0.05241, 0.19817, 0.23309], [0.05273, 0.06654, 0.0804, 0.081, 0.12094, 0.12026, 0.11205, 0.0781, 0.11842, 0.26887, 0.10342, 0.04899, 0.09062, 0.07615, 0.0689, 0.0655, 0.06559, 0.06779, 0.06767, 0.06166, 0.0463, 0.04267, 0.10841, 0.14128, 0.1493, 0.12327, 0.18468, 0.17721, 0.05213, 0.04729, 0.13293, 0.04462, 0.12455, 0.14583, 0.09194, 0.1233, 0.10702, 0.18132, 0.11762, 0.15989, 0.13833, 0.132, 0.07326, 0.12205, 0.10726, 0.03823, 0.14164, 0.1657], [0.06317, 0.06884, 0.07876, 0.08442, 0.1207, 0.12748, 0.13366, 0.08168, 0.13278, 0.10342, 0.30677, 0.05314, 0.09682, 0.08225, 0.0729, 0.06975, 0.07103, 0.07372, 0.07253, 0.06546, 0.04947, 0.04612, 0.11595, 0.15454, 0.14918, 0.14525, 0.202, 0.19557, 0.05827, 0.05199, 0.1636, 0.0482, 0.13747, 0.15987, 0.09902, 0.13353, 0.11479, 0.20184, 0.12995, 0.17497, 0.15369, 0.14668, 0.07935, 0.13079, 0.11479, 0.04199, 0.16052, 0.18621], [0.03466, 0.03668, 0.04517, 0.04889, 0.05943, 0.05776, 0.05566, 0.04301, 0.05948, 0.04899, 0.05314, 0.09903, 0.05414, 0.04836, 0.03907, 0.03873, 0.03809, 0.03997, 0.03521, 0.04077, 0.03326, 0.03002, 0.05683, 0.06358, 0.06213, 0.06156, 0.07887, 0.07167, 0.02799, 0.0252, 0.06207, 0.02285, 0.05718, 0.06548, 0.05505, 0.05729, 0.04129, 0.07432, 0.05398, 0.06821, 0.06335, 0.05663, 0.04553, 0.06417, 0.05474, 0.0196, 0.06142, 0.06774], [0.05838, 0.06369, 0.0796, 0.08524, 0.1081, 0.10923, 0.10385, 0.07637, 0.11518, 0.09062, 0.09682, 0.05414, 0.20019, 0.08736, 0.05661, 0.06117, 0.06599, 0.06807, 0.06349, 0.06467, 0.05076, 0.04587, 0.1025, 0.12424, 0.12181, 0.11796, 0.15313, 0.14166, 0.04784, 0.04376, 0.11905, 0.04117, 0.10513, 0.12291, 0.09374, 0.10035, 0.08221, 0.14644, 0.09985, 0.13303, 0.11753, 0.10748, 0.07432, 0.1176, 0.1026, 0.03508, 0.11641, 0.13195], [0.05069, 0.05518, 0.06847, 0.07361, 0.09187, 0.09116, 0.08669, 0.06535, 0.09582, 0.07615, 0.08225, 0.04836, 0.08736, 0.16412, 0.04992, 0.05033, 0.05563, 0.05795, 0.05856, 0.05712, 0.04455, 0.04047, 0.08644, 0.1024, 0.10051, 0.0987, 0.12777, 0.11679, 0.04092, 0.03723, 0.099, 0.03483, 0.08861, 0.10274, 0.08117, 0.08001, 0.07535, 0.12124, 0.08349, 0.11073, 0.09953, 0.09005, 0.0651, 0.1001, 0.08667, 0.02975, 0.09809, 0.10954], [0.04376, 0.04818, 0.06005, 0.06394, 0.08171, 0.08334, 0.07899, 0.05785, 0.08898, 0.0689, 0.0729, 0.03907, 0.05661, 0.04992, 0.15604, 0.04233, 0.04633, 0.05207, 0.04648, 0.04874, 0.0389, 0.03563, 0.07707, 0.09528, 0.09374, 0.08987, 0.11719, 0.10941, 0.03671, 0.03329, 0.09187, 0.03094, 0.08137, 0.09459, 0.06967, 0.06585, 0.06786, 0.11285, 0.07619, 0.10078, 0.08932, 0.0827, 0.05599, 0.08697, 0.07444, 0.02659, 0.0891, 0.10221], [0.04222, 0.04571, 0.05689, 0.06135, 0.07737, 0.07799, 0.07456, 0.05552, 0.08306, 0.0655, 0.06975, 0.03873, 0.06117, 0.05033, 0.04233, 0.14502, 0.03927, 0.04642, 0.04584, 0.0478, 0.03725, 0.03463, 0.07293, 0.08983, 0.08733, 0.08465, 0.11009, 0.1026, 0.03509, 0.0315, 0.08595, 0.02954, 0.07555, 0.0886, 0.06697, 0.05859, 0.07054, 0.10505, 0.07182, 0.09504, 0.08441, 0.07829, 0.05423, 0.08335, 0.07171, 0.02547, 0.0842, 0.09562], [0.04319, 0.04677, 0.0582, 0.06313, 0.07895, 0.07888, 0.07503, 0.0563, 0.08285, 0.06559, 0.07103, 0.03809, 0.06599, 0.05563, 0.04633, 0.03927, 0.14269, 0.04876, 0.05516, 0.04803, 0.03814, 0.03501, 0.07508, 0.08907, 0.08759, 0.0851, 0.11015, 0.10151, 0.0356, 0.03236, 0.08611, 0.03016, 0.07633, 0.08901, 0.06968, 0.07309, 0.05652, 0.10501, 0.07241, 0.09599, 0.08508, 0.07788, 0.05559, 0.08553, 0.07457, 0.02585, 0.08397, 0.09521], [0.04496, 0.04822, 0.06037, 0.06538, 0.08147, 0.08141, 0.07812, 0.05863, 0.08546, 0.06779, 0.07372, 0.03997, 0.06807, 0.05795, 0.05207, 0.04642, 0.04876, 0.14822, 0.05108, 0.05151, 0.04031, 0.03725, 0.07665, 0.09159, 0.09053, 0.08838, 0.11406, 0.10509, 0.03707, 0.03379, 0.08869, 0.03114, 0.07981, 0.09205, 0.07186, 0.06956, 0.05949, 0.10894, 0.07526, 0.09842, 0.08872, 0.08068, 0.05786, 0.08737, 0.07481, 0.02664, 0.08685, 0.09796], [0.04476, 0.048, 0.05994, 0.0647, 0.08142, 0.08131, 0.07721, 0.05778, 0.08521, 0.06767, 0.07253, 0.03521, 0.06349, 0.05856, 0.04648, 0.04584, 0.05516, 0.05108, 0.14718, 0.0504, 0.03939, 0.03587, 0.07668, 0.09148, 0.09028, 0.08844, 0.11336, 0.10458, 0.03651, 0.03318, 0.08844, 0.03121, 0.07881, 0.09154, 0.07203, 0.06667, 0.06728, 0.10808, 0.07455, 0.09895, 0.08832, 0.07994, 0.0572, 0.08787, 0.07616, 0.02671, 0.08619, 0.09768], [0.04247, 0.04498, 0.05599, 0.06021, 0.07446, 0.07313, 0.06982, 0.05389, 0.07555, 0.06166, 0.06546, 0.04077, 0.06467, 0.05712, 0.04874, 0.0478, 0.04803, 0.05151, 0.0504, 0.1302, 0.05029, 0.03927, 0.0579, 0.08186, 0.08057, 0.07869, 0.1008, 0.09358, 0.03499, 0.03161, 0.07956, 0.02559, 0.07228, 0.08284, 0.05708, 0.07404, 0.06611, 0.09635, 0.06823, 0.08711, 0.0792, 0.07233, 0.05944, 0.06002, 0.0669, 0.01486, 0.07809, 0.08772], [0.03355, 0.03469, 0.04256, 0.04665, 0.05644, 0.05427, 0.05192, 0.04097, 0.05592, 0.0463, 0.04947, 0.03326, 0.05076, 0.04455, 0.0389, 0.03725, 0.03814, 0.04031, 0.03939, 0.05029, 0.09286, 0.03694, 0.04721, 0.05882, 0.05844, 0.05828, 0.07395, 0.06779, 0.02695, 0.02457, 0.0575, 0.0167, 0.05339, 0.06151, 0.04476, 0.0545, 0.04935, 0.06996, 0.05113, 0.06347, 0.05881, 0.05367, 0.0479, 0.04579, 0.04454, 0.01043, 0.05754, 0.06376], [0.03068, 0.032, 0.03937, 0.04254, 0.05214, 0.05124, 0.04892, 0.03772, 0.05252, 0.04267, 0.04612, 0.03002, 0.04587, 0.04047, 0.03563, 0.03463, 0.03501, 0.03725, 0.03587, 0.03927, 0.03694, 0.08932, 0.04391, 0.05616, 0.05602, 0.05398, 0.06928, 0.06382, 0.02547, 0.02337, 0.05448, 0.01375, 0.05063, 0.05716, 0.04403, 0.05026, 0.04508, 0.06649, 0.04878, 0.05955, 0.05502, 0.05049, 0.0391, 0.04308, 0.03793, 0.01001, 0.054, 0.06038], [0.06592, 0.07301, 0.09253, 0.09829, 0.12688, 0.13245, 0.12541, 0.08965, 0.14323, 0.10841, 0.11595, 0.05683, 0.1025, 0.08644, 0.07707, 0.07293, 0.07508, 0.07665, 0.07668, 0.0579, 0.04721, 0.04391, 0.25621, 0.15599, 0.15168, 0.14439, 0.1909, 0.17989, 0.05555, 0.04961, 0.1482, 0.03545, 0.12708, 0.15043, 0.09108, 0.13486, 0.11937, 0.18234, 0.11939, 0.16531, 0.14284, 0.13247, 0.06706, 0.1615, 0.09853, 0.0344, 0.14192, 0.1651], [0.06805, 0.08388, 0.11171, 0.11818, 0.16168, 0.19675, 0.1758, 0.1065, 0.23567, 0.14128, 0.15454, 0.06358, 0.12424, 0.1024, 0.09528, 0.08983, 0.08907, 0.09159, 0.09148, 0.08186, 0.05882, 0.05616, 0.15599, 0.45582, 0.24743, 0.20372, 0.29203, 0.28598, 0.07849, 0.07037, 0.2236, 0.06614, 0.19645, 0.22829, 0.12501, 0.18615, 0.1573, 0.29381, 0.18565, 0.25316, 0.21737, 0.2115, 0.10061, 0.17436, 0.15413, 0.05846, 0.22781, 0.2692], [0.07022, 0.08489, 0.107, 0.10957, 0.15284, 0.18699, 0.18058, 0.10572, 0.21217, 0.1493, 0.14918, 0.06213, 0.12181, 0.10051, 0.09374, 0.08733, 0.08759, 0.09053, 0.09028, 0.08057, 0.05844, 0.05602, 0.15168, 0.24743, 0.46174, 0.19104, 0.28696, 0.28282, 0.07753, 0.06999, 0.23276, 0.06389, 0.19429, 0.22456, 0.12348, 0.18077, 0.15367, 0.29197, 0.18332, 0.24966, 0.2163, 0.21102, 0.09922, 0.16972, 0.15019, 0.05617, 0.2308, 0.27008], [0.06767, 0.08039, 0.10326, 0.1225, 0.17155, 0.16093, 0.14757, 0.10962, 0.17225, 0.12327, 0.14525, 0.06156, 0.11796, 0.0987, 0.08987, 0.08465, 0.0851, 0.08838, 0.08844, 0.07869, 0.05828, 0.05398, 0.14439, 0.20372, 0.19104, 0.387, 0.25565, 0.24666, 0.07091, 0.06327, 0.20233, 0.0599, 0.17155, 0.201, 0.11979, 0.16671, 0.14483, 0.25465, 0.16243, 0.22176, 0.19128, 0.18383, 0.09503, 0.16197, 0.14319, 0.05186, 0.1994, 0.23365], [0.10222, 0.11997, 0.14983, 0.15663, 0.2139, 0.23267, 0.23171, 0.14896, 0.2592, 0.18468, 0.202, 0.07887, 0.15313, 0.12777, 0.11719, 0.11009, 0.11015, 0.11406, 0.11336, 0.1008, 0.07395, 0.06928, 0.1909, 0.29203, 0.28696, 0.25565, 0.5258, 0.36721, 0.07321, 0.0633, 0.28351, 0.07931, 0.19555, 0.27707, 0.15444, 0.22384, 0.19235, 0.35842, 0.1913, 0.33276, 0.25121, 0.21014, 0.12355, 0.21394, 0.18934, 0.0701, 0.2353, 0.29747], [0.09642, 0.11383, 0.14259, 0.14832, 0.20452, 0.22514, 0.22595, 0.14172, 0.25266, 0.17721, 0.19557, 0.07167, 0.14166, 0.11679, 0.10941, 0.1026, 0.10151, 0.10509, 0.10458, 0.09358, 0.06779, 0.06382, 0.17989, 0.28598, 0.28282, 0.24666, 0.36721, 0.5251, 0.07237, 0.06325, 0.27973, 0.07563, 0.20339, 0.25532, 0.14323, 0.21549, 0.18177, 0.35133, 0.1783, 0.29526, 0.23835, 0.21052, 0.1144, 0.20084, 0.17671, 0.06596, 0.23287, 0.29885], [0.03177, 0.0366, 0.04505, 0.04714, 0.0623, 0.06473, 0.06538, 0.04388, 0.07006, 0.05213, 0.05827, 0.02799, 0.04784, 0.04092, 0.03671, 0.03509, 0.0356, 0.03707, 0.03651, 0.03499, 0.02695, 0.02547, 0.05555, 0.07849, 0.07753, 0.07091, 0.07321, 0.07237, 0.1407, 0.04197, 0.07751, 0.02279, 0.05879, 0.06542, 0.04955, 0.06247, 0.05357, 0.08036, 0.06286, 0.06877, 0.06639, 0.06241, 0.04033, 0.06297, 0.0542, 0.02, 0.06928, 0.07554], [0.02882, 0.03286, 0.04055, 0.04258, 0.05588, 0.05792, 0.0585, 0.04002, 0.06306, 0.04729, 0.05199, 0.0252, 0.04376, 0.03723, 0.03329, 0.0315, 0.03236, 0.03379, 0.03318, 0.03161, 0.02457, 0.02337, 0.04961, 0.07037, 0.06999, 0.06327, 0.0633, 0.06325, 0.04197, 0.12599, 0.06835, 0.02067, 0.05803, 0.06255, 0.04448, 0.05591, 0.04856, 0.06875, 0.06028, 0.05786, 0.05695, 0.0582, 0.03626, 0.05628, 0.04859, 0.01807, 0.06148, 0.06196], [0.07092, 0.08698, 0.10583, 0.1076, 0.15387, 0.16828, 0.19462, 0.10877, 0.19692, 0.13293, 0.1636, 0.06207, 0.11905, 0.099, 0.09187, 0.08595, 0.08611, 0.08869, 0.08844, 0.07956, 0.0575, 0.05448, 0.1482, 0.2236, 0.23276, 0.20233, 0.28351, 0.27973, 0.07751, 0.06835, 0.46635, 0.06282, 0.19261, 0.22392, 0.12069, 0.177, 0.15071, 0.29091, 0.1829, 0.24687, 0.21508, 0.20986, 0.09738, 0.16603, 0.14691, 0.05554, 0.23331, 0.27193], [0.02676, 0.02953, 0.03716, 0.04007, 0.05269, 0.05501, 0.05284, 0.03611, 0.05976, 0.04462, 0.0482, 0.02285, 0.04117, 0.03483, 0.03094, 0.02954, 0.03016, 0.03114, 0.03121, 0.02559, 0.0167, 0.01375, 0.03545, 0.06614, 0.06389, 0.0599, 0.07931, 0.07563, 0.02279, 0.02067, 0.06282, 0.11019, 0.05368, 0.06256, 0.02686, 0.05475, 0.04714, 0.07702, 0.0504, 0.06832, 0.05989, 0.05579, 0.03266, 0.0383, 0.04088, 0.01223, 0.05934, 0.06935], [0.0705, 0.08259, 0.10236, 0.10774, 0.14521, 0.15782, 0.15798, 0.10212, 0.17363, 0.12455, 0.13747, 0.05718, 0.10513, 0.08861, 0.08137, 0.07555, 0.07633, 0.07981, 0.07881, 0.07228, 0.05339, 0.05063, 0.12708, 0.19645, 0.19429, 0.17155, 0.19555, 0.20339, 0.05879, 0.05803, 0.19261, 0.05368, 0.36078, 0.16508, 0.10665, 0.14887, 0.1269, 0.20682, 0.16688, 0.15562, 0.16096, 0.19103, 0.08658, 0.14231, 0.12526, 0.04643, 0.17771, 0.18767], [0.08214, 0.09639, 0.11956, 0.12518, 0.16981, 0.18263, 0.18413, 0.11911, 0.20227, 0.14583, 0.15987, 0.06548, 0.12291, 0.10274, 0.09459, 0.0886, 0.08901, 0.09205, 0.09154, 0.08284, 0.06151, 0.05716, 0.15043, 0.22829, 0.22456, 0.201, 0.27707, 0.25532, 0.06542, 0.06255, 0.22392, 0.06256, 0.16508, 0.41635, 0.12463, 0.17555, 0.15111, 0.25507, 0.16906, 0.22863, 0.1753, 0.17878, 0.10051, 0.16875, 0.14908, 0.05539, 0.18646, 0.22851], [0.05964, 0.06475, 0.08055, 0.08685, 0.10951, 0.11034, 0.10537, 0.07762, 0.11614, 0.09194, 0.09902, 0.05505, 0.09374, 0.08117, 0.06967, 0.06697, 0.06968, 0.07186, 0.07203, 0.05708, 0.04476, 0.04403, 0.09108, 0.12501, 0.12348, 0.11979, 0.15444, 0.14323, 0.04955, 0.04448, 0.12069, 0.02686, 0.10665, 0.12463, 0.20191, 0.11111, 0.10014, 0.14797, 0.10121, 0.13477, 0.11944, 0.10888, 0.06774, 0.13226, 0.1