{"backend": "ibm_fez", "job_id": "d8i5s1he8nrc73bhufmg", "shots": 100000, "n_qubits": 20, "institutions": [{"ticker": "JPM", "name": "JPMorgan Chase"}, {"ticker": "BAC", "name": "Bank of America"}, {"ticker": "C", "name": "Citigroup"}, {"ticker": "WFC", "name": "Wells Fargo"}, {"ticker": "GS", "name": "Goldman Sachs"}, {"ticker": "MS", "name": "Morgan Stanley"}, {"ticker": "USB", "name": "U.S. Bancorp"}, {"ticker": "PNC", "name": "PNC Financial"}, {"ticker": "TFC", "name": "Truist Financial"}, {"ticker": "BK", "name": "Bank of New York Mellon"}, {"ticker": "STT", "name": "State Street"}, {"ticker": "HSBC", "name": "HSBC Holdings"}, {"ticker": "BCS", "name": "Barclays"}, {"ticker": "LYG", "name": "Lloyds Banking Group"}, {"ticker": "DB", "name": "Deutsche Bank"}, {"ticker": "SAN", "name": "Banco Santander"}, {"ticker": "BBVA", "name": "Banco Bilbao Vizcaya Argentaria"}, {"ticker": "ING", "name": "ING Groep"}, {"ticker": "UBS", "name": "UBS Group"}, {"ticker": "MUFG", "name": "Mitsubishi UFJ Financial Group"}], "max_degree": 2, "entanglers": 20, "entanglement_depth": 2, "circuit_depth": 23, "two_qubit_gates": 40, "circuit_operations": {"rz": 109, "sx": 98, "cz": 40, "measure": 20, "x": 13, "barrier": 1}, "exact_ground_truth": true, "marginal_rmse_vs_target": 0.017131986865141138, "pairwise_joint_rmse_vs_target": 0.004731389780495269, "marginal_rmse_vs_ideal": 0.017129137763433062, "pairwise_joint_rmse_vs_ideal": 0.004592704794057685, "target_marginals": [0.05, 0.060526315789473685, 0.07105263157894737, 0.08157894736842106, 0.09210526315789475, 0.10263157894736842, 0.11315789473684211, 0.12368421052631579, 0.13421052631578947, 0.14473684210526316, 0.15526315789473683, 0.16578947368421054, 0.1763157894736842, 0.18684210526315792, 0.19736842105263158, 0.20789473684210524, 0.21842105263157896, 0.22894736842105262, 0.23947368421052634, 0.25], "hardware_marginals": [0.05127, 0.06375, 0.08032, 0.09261, 0.13606, 0.12672, 0.13974, 0.13567, 0.15185, 0.14526, 0.1626, 0.16431, 0.19923, 0.18578, 0.21704, 0.21067, 0.22403, 0.23674, 0.22171, 0.27433], "ideal_marginals": [0.0499999999999979, 0.060526644371018505, 0.07105415196352127, 0.08158305184422335, 0.0921082105733501, 0.10263640482256456, 0.11316143105484794, 0.12368990207956103, 0.13421497346913874, 0.1447433156118227, 0.15526809865303365, 0.16579636758461283, 0.17632100426553604, 0.18684921526644369, 0.19737375755368103, 0.20790188015789499, 0.21842637026444342, 0.22895437742318678, 0.23947886779263666, 0.25000702698912475], "default_count_hist": [4243, 13143, 20183, 21805, 17882, 11886, 6279, 2938, 1110, 389, 106, 28, 6, 2, 0, 0, 0, 0, 0, 0, 0], "mean_defaults": 3.21969, "expected_defaults_target": 3.0, "pairwise_corr": [[1.0, 0.1144, 0.0104, -0.0018, -0.0009, 0.0029, -0.0012, -0.0029, -0.0002, 0.0035, 0.003, -0.0023, -0.0021, -0.0038, -0.0015, -0.0006, 0.0011, -0.0004, 0.0008, 0.0458], [0.1144, 1.0, 0.1101, 0.0081, 0.0002, -0.0001, 0.0018, 0.0016, -0.0026, 0.0058, -0.0004, 0.0029, -0.0033, -0.0004, 0.0011, 0.001, 0.0012, -0.0019, 0.0011, 0.0012], [0.0104, 0.1101, 1.0, 0.1207, 0.0164, 0.0031, 0.0035, -0.0007, -0.0024, 0.004, -0.0015, -0.0001, 0.0003, -0.001, 0.0011, -0.0001, -0.001, -0.0004, 0.0013, -0.0023], [-0.0018, 0.0081, 0.1207, 1.0, 0.0996, -0.0036, -0.0019, 0.0004, 0.002, 0.0012, -0.0061, 0.0026, -0.0017, 0.0047, -0.0014, 0.0034, 0.0008, 0.0005, 0.0014, -0.0054], [-0.0009, 0.0002, 0.0164, 0.0996, 1.0, 0.1129, 0.0118, -0.002, -0.0003, 0.0001, 0.0018, -0.0002, -0.0028, -0.0043, 0.0008, -0.0024, -0.0, -0.0004, 0.0007, -0.0015], [0.0029, -0.0001, 0.0031, -0.0036, 0.1129, 1.0, 0.0978, 0.003, -0.0043, -0.0018, -0.0052, 0.0016, -0.0003, 0.0004, 0.0017, -0.0003, -0.0032, -0.0003, -0.0008, 0.0019], [-0.0012, 0.0018, 0.0035, -0.0019, 0.0118, 0.0978, 1.0, 0.1076, 0.0098, 0.0021, 0.0085, 0.006, 0.0043, 0.0013, 0.0014, 0.0019, 0.0024, 0.0001, -0.0058, -0.009], [-0.0029, 0.0016, -0.0007, 0.0004, -0.002, 0.003, 0.1076, 1.0, 0.1089, -0.0005, -0.0036, -0.0062, -0.0007, 0.0007, 0.0029, 0.0019, -0.0001, 0.0019, -0.0054, 0.0002], [-0.0002, -0.0026, -0.0024, 0.002, -0.0003, -0.0043, 0.0098, 0.1089, 1.0, 0.1074, 0.0151, 0.0056, 0.0003, -0.0019, 0.0006, -0.0021, 0.0048, 0.0015, -0.0013, -0.004], [0.0035, 0.0058, 0.004, 0.0012, 0.0001, -0.0018, 0.0021, -0.0005, 0.1074, 1.0, 0.1133, 0.0089, 0.0014, 0.0032, -0.0006, -0.0012, 0.0024, 0.0031, 0.0006, -0.0013], [0.003, -0.0004, -0.0015, -0.0061, 0.0018, -0.0052, 0.0085, -0.0036, 0.0151, 0.1133, 1.0, 0.1238, 0.0241, 0.0008, -0.0034, -0.001, -0.0034, 0.0072, -0.0, -0.0057], [-0.0023, 0.0029, -0.0001, 0.0026, -0.0002, 0.0016, 0.006, -0.0062, 0.0056, 0.0089, 0.1238, 1.0, 0.1178, 0.0035, -0.0028, -0.0001, -0.0001, -0.0026, -0.0002, 0.0017], [-0.0021, -0.0033, 0.0003, -0.0017, -0.0028, -0.0003, 0.0043, -0.0007, 0.0003, 0.0014, 0.0241, 0.1178, 1.0, 0.115, 0.0161, -0.0025, -0.0052, 0.001, 0.0002, -0.0058], [-0.0038, -0.0004, -0.001, 0.0047, -0.0043, 0.0004, 0.0013, 0.0007, -0.0019, 0.0032, 0.0008, 0.0035, 0.115, 1.0, 0.1093, 0.0005, 0.0049, -0.0013, 0.0001, 0.0004], [-0.0015, 0.0011, 0.0011, -0.0014, 0.0008, 0.0017, 0.0014, 0.0029, 0.0006, -0.0006, -0.0034, -0.0028, 0.0161, 0.1093, 1.0, 0.135, 0.0196, 0.006, -0.0017, -0.005], [-0.0006, 0.001, -0.0001, 0.0034, -0.0024, -0.0003, 0.0019, 0.0019, -0.0021, -0.0012, -0.001, -0.0001, -0.0025, 0.0005, 0.135, 1.0, 0.1204, -0.0037, 0.0039, -0.0046], [0.0011, 0.0012, -0.001, 0.0008, -0.0, -0.0032, 0.0024, -0.0001, 0.0048, 0.0024, -0.0034, -0.0001, -0.0052, 0.0049, 0.0196, 0.1204, 1.0, 0.1069, 0.0158, 0.0001], [-0.0004, -0.0019, -0.0004, 0.0005, -0.0004, -0.0003, 0.0001, 0.0019, 0.0015, 0.0031, 0.0072, -0.0026, 0.001, -0.0013, 0.006, -0.0037, 0.1069, 1.0, 0.0993, 0.0024], [0.0008, 0.0011, 0.0013, 0.0014, 0.0007, -0.0008, -0.0058, -0.0054, -0.0013, 0.0006, -0.0, -0.0002, 0.0002, 0.0001, -0.0017, 0.0039, 0.0158, 0.0993, 1.0, 0.1269], [0.0458, 0.0012, -0.0023, -0.0054, -0.0015, 0.0019, -0.009, 0.0002, -0.004, -0.0013, -0.0057, 0.0017, -0.0058, 0.0004, -0.005, -0.0046, 0.0001, 0.0024, 0.1269, 1.0]], "pairwise_joint": [[0.05127, 0.00943, 0.00474, 0.00463, 0.00691, 0.00671, 0.00707, 0.00674, 0.00777, 0.00772, 0.00858, 0.00824, 0.01003, 0.0092, 0.01099, 0.01075, 0.01159, 0.0121, 0.01144, 0.01857], [0.00943, 0.06375, 0.01243, 0.00648, 0.00869, 0.00807, 0.00906, 0.00878, 0.00945, 0.00976, 0.01033, 0.01074, 0.01238, 0.01181, 0.01395, 0.01353, 0.0144, 0.01489, 0.01425, 0.01762], [0.00474, 0.01243, 0.08032, 0.01695, 0.01246, 0.01046, 0.01155, 0.01083, 0.01196, 0.01205, 0.01291, 0.01319, 0.01604, 0.01482, 0.01756, 0.01691, 0.01788, 0.01897, 0.01796, 0.02176], [0.00463, 0.00648, 0.01695, 0.09261, 0.0225, 0.01139, 0.01275, 0.0126, 0.01427, 0.01357, 0.01441, 0.0155, 0.01825, 0.01773, 0.01993, 0.01991, 0.02084, 0.02199, 0.0207, 0.02471], [0.00691, 0.00869, 0.01246, 0.0225, 0.13606, 0.03012, 0.02042, 0.01823, 0.02062, 0.01978, 0.02235, 0.02233, 0.02672, 0.0247, 0.02965, 0.02833, 0.03048, 0.03215, 0.03026, 0.0371], [0.00671, 0.00807, 0.01046, 0.01139, 0.03012, 0.12672, 0.02899, 0.01753, 0.01873, 0.0182, 0.01997, 0.02102, 0.0252, 0.02359, 0.02774, 0.02665, 0.02794, 0.02996, 0.02798, 0.03504], [0.00707, 0.00906, 0.01155, 0.01275, 0.02042, 0.02899, 0.13974, 0.03173, 0.02244, 0.02056, 0.02381, 0.02373, 0.02843, 0.02614, 0.03053, 0.02971, 0.03165, 0.03309, 0.03015, 0.03695], [0.00674, 0.00878, 0.01083, 0.0126, 0.01823, 0.01753, 0.03173, 0.13567, 0.03398, 0.01965, 0.02161, 0.02151, 0.02694, 0.0253, 0.02986, 0.02885, 0.03038, 0.0324, 0.02931, 0.03725], [0.00777, 0.00945, 0.01196, 0.01427, 0.02062, 0.01873, 0.02244, 0.03398, 0.15185, 0.03564, 0.02669, 0.02569, 0.03029, 0.02795, 0.03305, 0.03169, 0.03473, 0.03618, 0.03347, 0.04101], [0.00772, 0.00976, 0.01205, 0.01357, 0.01978, 0.0182, 0.02056, 0.01965, 0.03564, 0.14526, 0.03835, 0.02503, 0.02914, 0.02742, 0.03144, 0.03043, 0.03289, 0.03486, 0.0323, 0.03965], [0.00858, 0.01033, 0.01291, 0.01441, 0.02235, 0.01997, 0.02381, 0.02161, 0.02669, 0.03835, 0.1626, 0.04365, 0.03595, 0.03032, 0.03478, 0.03411, 0.03591, 0.03962, 0.03605, 0.04366], [0.00824, 0.01074, 0.01319, 0.0155, 0.02233, 0.02102, 0.02373, 0.02151, 0.02569, 0.02503, 0.04365, 0.16431, 0.05017, 0.03103, 0.03523, 0.0346, 0.03679, 0.03849, 0.0364, 0.04536], [0.01003, 0.01238, 0.01604, 0.01825, 0.02672, 0.0252, 0.02843, 0.02694, 0.03029, 0.02914, 0.03595, 0.05017, 0.19923, 0.05488, 0.0459, 0.04157, 0.04376, 0.04734, 0.0442, 0.05362], [0.0092, 0.01181, 0.01482, 0.01773, 0.0247, 0.02359, 0.02614, 0.0253, 0.02795, 0.02742, 0.03032, 0.03103, 0.05488, 0.18578, 0.05785, 0.03921, 0.04241, 0.04376, 0.04121, 0.05104], [0.01099, 0.01395, 0.01756, 0.01993, 0.02965, 0.02774, 0.03053, 0.02986, 0.03305, 0.03144, 0.03478, 0.03523, 0.0459, 0.05785, 0.21704, 0.06841, 0.05199, 0.05244, 0.04783, 0.05862], [0.01075, 0.01353, 0.01691, 0.01991, 0.02833, 0.02665, 0.02971, 0.02885, 0.03169, 0.03043, 0.03411, 0.0346, 0.04157, 0.03921, 0.06841, 0.21067, 0.06766, 0.04924, 0.04736, 0.05696], [0.01159, 0.0144, 0.01788, 0.02084, 0.03048, 0.02794, 0.03165, 0.03038, 0.03473, 0.03289, 0.03591, 0.03679, 0.04376, 0.04241, 0.05199, 0.06766, 0.22403, 0.07199, 0.0524, 0.06147], [0.0121, 0.01489, 0.01897, 0.02199, 0.03215, 0.02996, 0.03309, 0.0324, 0.03618, 0.03486, 0.03962, 0.03849, 0.04734, 0.04376, 0.05244, 0.04924, 0.07199, 0.23674, 0.07003, 0.0654], [0.01144, 0.01425, 0.01796, 0.0207, 0.03026, 0.02798, 0.03015, 0.02931, 0.03347, 0.0323, 0.03605, 0.0364, 0.0442, 0.04121, 0.04783, 0.04736, 0.0524, 0.07003, 0.22171, 0.08434], [0.01857, 0.01762, 0.02176, 0.02471, 0.0371, 0.03504, 0.03695, 0.03725, 0.04101, 0.03965, 0.04366, 0.04536, 0.05362, 0.05104, 0.05862, 0.05696, 0.06147, 0.0654, 0.08434, 0.27433]], "top_patterns": [{"indices": [], "count": 4243, "freq": 0.04243}, {"indices": [19], "count": 1413, "freq": 0.01413}, {"indices": [17], "count": 1013, "freq": 0.01013}, {"indices": [14], "count": 902, "freq": 0.00902}, {"indices": [18], "count": 894, "freq": 0.00894}, {"indices": [16], "count": 870, "freq": 0.0087}, {"indices": [12], "count": 856, "freq": 0.00856}, {"indices": [15], "count": 852, "freq": 0.00852}, {"indices": [13], "count": 722, "freq": 0.00722}, {"indices": [10], "count": 643, "freq": 0.00643}, {"indices": [11], "count": 636, "freq": 0.00636}, {"indices": [8], "count": 628, "freq": 0.00628}, {"indices": [18, 19], "count": 572, "freq": 0.00572}, {"indices": [6], "count": 571, "freq": 0.00571}, {"indices": [9], "count": 561, "freq": 0.00561}, {"indices": [4], "count": 555, "freq": 0.00555}], "n_unique_patterns": 20797, "posteriors": [{"a": 19, "b": [0, 13, 18], "p": 0.5577, "support": 208, "joint": 116, "baseline": 0.2743, "lift": 2.03}, {"a": 19, "b": [0, 5, 18], "p": 0.5455, "support": 143, "joint": 78, "baseline": 0.2743, "lift": 1.99}, {"a": 19, "b": [0, 12, 18], "p": 0.5279, "support": 233, "joint": 123, "baseline": 0.2743, "lift": 1.92}, {"a": 19, "b": [0, 16, 18], "p": 0.5188, "support": 266, "joint": 138, "baseline": 0.2743, "lift": 1.89}, {"a": 19, "b": [0, 8, 18], "p": 0.5158, "support": 190, "joint": 98, "baseline": 0.2743, "lift": 1.88}, {"a": 19, "b": [0, 1, 18], "p": 0.5147, "support": 204, "joint": 105, "baseline": 0.2743, "lift": 1.88}, {"a": 19, "b": [0, 18], "p": 0.4991, "support": 1144, "joint": 571, "baseline": 0.2743, "lift": 1.82}, {"a": 19, "b": [0, 10, 18], "p": 0.4948, "support": 194, "joint": 96, "baseline": 0.2743, "lift": 1.8}, {"a": 19, "b": [0, 17, 18], "p": 0.4881, "support": 379, "joint": 185, "baseline": 0.2743, "lift": 1.78}, {"a": 19, "b": [0, 15, 18], "p": 0.4841, "support": 252, "joint": 122, "baseline": 0.2743, "lift": 1.76}, {"a": 19, "b": [0, 14, 18], "p": 0.4833, "support": 240, "joint": 116, "baseline": 0.2743, "lift": 1.76}, {"a": 10, "b": [0, 9, 11], "p": 0.4806, "support": 129, "joint": 62, "baseline": 0.1626, "lift": 2.96}, {"a": 19, "b": [0, 4, 18], "p": 0.4698, "support": 149, "joint": 70, "baseline": 0.2743, "lift": 1.71}, {"a": 19, "b": [0, 2, 18], "p": 0.4673, "support": 107, "joint": 50, "baseline": 0.2743, "lift": 1.7}, {"a": 14, "b": [0, 13, 15], "p": 0.4663, "support": 193, "joint": 90, "baseline": 0.217, "lift": 2.15}, {"a": 19, "b": [0, 9, 18], "p": 0.4601, "support": 163, "joint": 75, "baseline": 0.2743, "lift": 1.68}, {"a": 19, "b": [0, 1, 5], "p": 0.4552, "support": 134, "joint": 61, "baseline": 0.2743, "lift": 1.66}, {"a": 19, "b": [0, 11, 18], "p": 0.4508, "support": 193, "joint": 87, "baseline": 0.2743, "lift": 1.64}, {"a": 1, "b": [0, 2, 14], "p": 0.4466, "support": 103, "joint": 46, "baseline": 0.0638, "lift": 7.01}, {"a": 16, "b": [1, 15, 17], "p": 0.4455, "support": 321, "joint": 143, "baseline": 0.224, "lift": 1.99}, {"a": 1, "b": [0, 2, 12], "p": 0.4455, "support": 101, "joint": 45, "baseline": 0.0638, "lift": 6.99}, {"a": 19, "b": [0, 7, 18], "p": 0.4452, "support": 155, "joint": 69, "baseline": 0.2743, "lift": 1.62}, {"a": 14, "b": [13, 15, 17], "p": 0.4435, "support": 920, "joint": 408, "baseline": 0.217, "lift": 2.04}, {"a": 4, "b": [3, 5, 15], "p": 0.4405, "support": 227, "joint": 100, "baseline": 0.1361, "lift": 3.24}, {"a": 15, "b": [1, 14, 16], "p": 0.4398, "support": 332, "joint": 146, "baseline": 0.2107, "lift": 2.09}, {"a": 19, "b": [0, 5, 14], "p": 0.4379, "support": 153, "joint": 67, "baseline": 0.2743, "lift": 1.6}, {"a": 19, "b": [0, 2, 14], "p": 0.4369, "support": 103, "joint": 45, "baseline": 0.2743, "lift": 1.59}, {"a": 15, "b": [8, 14, 16], "p": 0.4337, "support": 814, "joint": 353, "baseline": 0.2107, "lift": 2.06}, {"a": 19, "b": [0, 5, 17], "p": 0.4337, "support": 166, "joint": 72, "baseline": 0.2743, "lift": 1.58}, {"a": 4, "b": [3, 5, 11], "p": 0.4337, "support": 166, "joint": 72, "baseline": 0.1361, "lift": 3.19}, {"a": 17, "b": [11, 16, 18], "p": 0.4328, "support": 878, "joint": 380, "baseline": 0.2367, "lift": 1.83}, {"a": 14, "b": [11, 13, 15], "p": 0.4324, "support": 673, "joint": 291, "baseline": 0.217, "lift": 1.99}, {"a": 17, "b": [0, 16, 18], "p": 0.4323, "support": 266, "joint": 115, "baseline": 0.2367, "lift": 1.83}, {"a": 17, "b": [5, 16, 18], "p": 0.4321, "support": 641, "joint": 277, "baseline": 0.2367, "lift": 1.83}, {"a": 16, "b": [8, 15, 17], "p": 0.4317, "support": 769, "joint": 332, "baseline": 0.224, "lift": 1.93}, {"a": 14, "b": [13, 15, 16], "p": 0.431, "support": 1276, "joint": 550, "baseline": 0.217, "lift": 1.99}, {"a": 17, "b": [3, 16, 18], "p": 0.4309, "support": 485, "joint": 209, "baseline": 0.2367, "lift": 1.82}, {"a": 17, "b": [8, 16, 18], "p": 0.4301, "support": 823, "joint": 354, "baseline": 0.2367, "lift": 1.82}, {"a": 14, "b": [13, 15], "p": 0.4295, "support": 3921, "joint": 1684, "baseline": 0.217, "lift": 1.98}, {"a": 14, "b": [8, 13, 15], "p": 0.4293, "support": 552, "joint": 237, "baseline": 0.217, "lift": 1.98}, {"a": 1, "b": [0, 2, 16], "p": 0.4158, "support": 101, "joint": 42, "baseline": 0.0638, "lift": 6.52}, {"a": 1, "b": [0, 2, 19], "p": 0.3988, "support": 163, "joint": 65, "baseline": 0.0638, "lift": 6.26}, {"a": 1, "b": [0, 2, 17], "p": 0.3942, "support": 104, "joint": 41, "baseline": 0.0638, "lift": 6.18}, {"a": 1, "b": [0, 2], "p": 0.3882, "support": 474, "joint": 184, "baseline": 0.0638, "lift": 6.09}, {"a": 0, "b": [1, 5, 19], "p": 0.2521, "support": 242, "joint": 61, "baseline": 0.0513, "lift": 4.92}, {"a": 2, "b": [1, 3, 14], "p": 0.3858, "support": 127, "joint": 49, "baseline": 0.0803, "lift": 4.8}, {"a": 2, "b": [1, 3, 18], "p": 0.3813, "support": 139, "joint": 53, "baseline": 0.0803, "lift": 4.75}, {"a": 1, "b": [0, 2, 18], "p": 0.2991, "support": 107, "joint": 32, "baseline": 0.0638, "lift": 4.69}, {"a": 0, "b": [1, 9, 12], "p": 0.2304, "support": 191, "joint": 44, "baseline": 0.0513, "lift": 4.49}, {"a": 2, "b": [1, 3, 13], "p": 0.3462, "support": 104, "joint": 36, "baseline": 0.0803, "lift": 4.31}, {"a": 0, "b": [1, 9, 10], "p": 0.2189, "support": 233, "joint": 51, "baseline": 0.0513, "lift": 4.27}, {"a": 2, "b": [1, 3, 10], "p": 0.3426, "support": 108, "joint": 37, "baseline": 0.0803, "lift": 4.27}, {"a": 1, "b": [0, 9, 11], "p": 0.2713, "support": 129, "joint": 35, "baseline": 0.0638, "lift": 4.26}, {"a": 0, "b": [1, 5, 9], "p": 0.2178, "support": 101, "joint": 22, "baseline": 0.0513, "lift": 4.25}, {"a": 2, "b": [1, 3, 4], "p": 0.3394, "support": 165, "joint": 56, "baseline": 0.0803, "lift": 4.23}, {"a": 1, "b": [0, 9, 12], "p": 0.2699, "support": 163, "joint": 44, "baseline": 0.0638, "lift": 4.23}, {"a": 3, "b": [2, 4, 9], "p": 0.3864, "support": 176, "joint": 68, "baseline": 0.0926, "lift": 4.17}, {"a": 0, "b": [1, 9, 11], "p": 0.2134, "support": 164, "joint": 35, "baseline": 0.0513, "lift": 4.16}, {"a": 0, "b": [1, 12, 19], "p": 0.2061, "support": 359, "joint": 74, "baseline": 0.0513, "lift": 4.02}, {"a": 0, "b": [1, 2, 19], "p": 0.2057, "support": 316, "joint": 65, "baseline": 0.0513, "lift": 4.01}, {"a": 2, "b": [1, 3, 16], "p": 0.3224, "support": 152, "joint": 49, "baseline": 0.0803, "lift": 4.01}, {"a": 2, "b": [1, 3], "p": 0.321, "support": 648, "joint": 208, "baseline": 0.0803, "lift": 4.0}, {"a": 0, "b": [1, 17, 19], "p": 0.2039, "support": 407, "joint": 83, "baseline": 0.0513, "lift": 3.98}, {"a": 0, "b": [1, 9, 19], "p": 0.2034, "support": 236, "joint": 48, "baseline": 0.0513, "lift": 3.97}, {"a": 0, "b": [1, 4, 7], "p": 0.2017, "support": 119, "joint": 24, "baseline": 0.0513, "lift": 3.93}, {"a": 3, "b": [2, 4, 18], "p": 0.3623, "support": 276, "joint": 100, "baseline": 0.0926, "lift": 3.91}, {"a": 3, "b": [2, 4, 13], "p": 0.3611, "support": 216, "joint": 78, "baseline": 0.0926, "lift": 3.9}, {"a": 1, "b": [0, 9, 17], "p": 0.2486, "support": 177, "joint": 44, "baseline": 0.0638, "lift": 3.9}, {"a": 0, "b": [1, 18, 19], "p": 0.1985, "support": 529, "joint": 105, "baseline": 0.0513, "lift": 3.87}, {"a": 2, "b": [1, 3, 19], "p": 0.309, "support": 178, "joint": 55, "baseline": 0.0803, "lift": 3.85}, {"a": 2, "b": [1, 3, 11], "p": 0.3083, "support": 120, "joint": 37, "baseline": 0.0803, "lift": 3.84}, {"a": 1, "b": [0, 9, 14], "p": 0.2404, "support": 183, "joint": 44, "baseline": 0.0638, "lift": 3.77}, {"a": 1, "b": [0, 4, 7], "p": 0.24, "support": 100, "joint": 24, "baseline": 0.0638, "lift": 3.76}, {"a": 0, "b": [1, 19], "p": 0.1924, "support": 1762, "joint": 339, "baseline": 0.0513, "lift": 3.75}, {"a": 3, "b": [2, 4, 16], "p": 0.3473, "support": 262, "joint": 91, "baseline": 0.0926, "lift": 3.75}, {"a": 0, "b": [1, 9, 14], "p": 0.1921, "support": 229, "joint": 44, "baseline": 0.0513, "lift": 3.75}, {"a": 2, "b": [1, 3, 12], "p": 0.3016, "support": 126, "joint": 38, "baseline": 0.0803, "lift": 3.75}, {"a": 1, "b": [0, 4, 17], "p": 0.2387, "support": 155, "joint": 37, "baseline": 0.0638, "lift": 3.74}], "graph": {"nodes": [{"i": 0, "influence": 0.2379, "baseline": 0.0513}, {"i": 1, "influence": 0.2461, "baseline": 0.0638}, {"i": 2, "influence": 0.2525, "baseline": 0.0803}, {"i": 3, "influence": 0.2363, "baseline": 0.0926}, {"i": 4, "influence": 0.1925, "baseline": 0.1361}, {"i": 5, "influence": 0.2032, "baseline": 0.1267}, {"i": 6, "influence": 0.2209, "baseline": 0.1397}, {"i": 7, "influence": 0.2045, "baseline": 0.1357}, {"i": 8, "influence": 0.212, "baseline": 0.1519}, {"i": 9, "influence": 0.2242, "baseline": 0.1453}, {"i": 10, "influence": 0.2461, "baseline": 0.1626}, {"i": 11, "influence": 0.2348, "baseline": 0.1643}, {"i": 12, "influence": 0.2137, "baseline": 0.1992}, {"i": 13, "influence": 0.2059, "baseline": 0.1858}, {"i": 14, "influence": 0.2239, "baseline": 0.217}, {"i": 15, "influence": 0.2132, "baseline": 0.2107}, {"i": 16, "influence": 0.2144, "baseline": 0.224}, {"i": 17, "influence": 0.1705, "baseline": 0.2367}, {"i": 18, "influence": 0.2038, "baseline": 0.2217}, {"i": 19, "influence": 0.1068, "baseline": 0.2743}], "edges": [{"i": 18, "j": 19, "strength": 0.3804, "corr": 0.1269, "p_j_given_i": 0.3804, "p_i_given_j": 0.3074}, {"i": 0, "j": 19, "strength": 0.3622, "corr": 0.0458, "p_j_given_i": 0.3622, "p_i_given_j": 0.0677}, {"i": 14, "j": 15, "strength": 0.3247, "corr": 0.135, "p_j_given_i": 0.3152, "p_i_given_j": 0.3247}, {"i": 16, "j": 17, "strength": 0.3213, "corr": 0.1069, "p_j_given_i": 0.3213, "p_i_given_j": 0.3041}, {"i": 15, "j": 16, "strength": 0.3212, "corr": 0.1204, "p_j_given_i": 0.3212, "p_i_given_j": 0.302}, {"i": 17, "j": 18, "strength": 0.3159, "corr": 0.0993, "p_j_given_i": 0.2958, "p_i_given_j": 0.3159}, {"i": 13, "j": 14, "strength": 0.3114, "corr": 0.1093, "p_j_given_i": 0.3114, "p_i_given_j": 0.2665}, {"i": 11, "j": 12, "strength": 0.3053, "corr": 0.1178, "p_j_given_i": 0.3053, "p_i_given_j": 0.2518}, {"i": 12, "j": 13, "strength": 0.2954, "corr": 0.115, "p_j_given_i": 0.2755, "p_i_given_j": 0.2954}, {"i": 5, "j": 19, "strength": 0.2765, "corr": 0.0019, "p_j_given_i": 0.2765, "p_i_given_j": 0.1277}, {"i": 1, "j": 19, "strength": 0.2764, "corr": 0.0012, "p_j_given_i": 0.2764, "p_i_given_j": 0.0642}, {"i": 17, "j": 19, "strength": 0.2763, "corr": 0.0024, "p_j_given_i": 0.2763, "p_i_given_j": 0.2384}, {"i": 11, "j": 19, "strength": 0.2761, "corr": 0.0017, "p_j_given_i": 0.2761, "p_i_given_j": 0.1653}, {"i": 13, "j": 19, "strength": 0.2747, "corr": 0.0004, "p_j_given_i": 0.2747, "p_i_given_j": 0.1861}, {"i": 7, "j": 19, "strength": 0.2746, "corr": 0.0002, "p_j_given_i": 0.2746, "p_i_given_j": 0.1358}, {"i": 16, "j": 19, "strength": 0.2744, "corr": 0.0001, "p_j_given_i": 0.2744, "p_i_given_j": 0.2241}, {"i": 9, "j": 19, "strength": 0.273, "corr": -0.0013, "p_j_given_i": 0.273, "p_i_given_j": 0.1445}, {"i": 4, "j": 19, "strength": 0.2727, "corr": -0.0015, "p_j_given_i": 0.2727, "p_i_given_j": 0.1352}, {"i": 2, "j": 19, "strength": 0.2709, "corr": -0.0023, "p_j_given_i": 0.2709, "p_i_given_j": 0.0793}, {"i": 15, "j": 19, "strength": 0.2704, "corr": -0.0046, "p_j_given_i": 0.2704, "p_i_given_j": 0.2076}, {"i": 14, "j": 19, "strength": 0.2701, "corr": -0.005, "p_j_given_i": 0.2701, "p_i_given_j": 0.2137}, {"i": 8, "j": 19, "strength": 0.2701, "corr": -0.004, "p_j_given_i": 0.2701, "p_i_given_j": 0.1495}, {"i": 12, "j": 19, "strength": 0.2691, "corr": -0.0058, "p_j_given_i": 0.2691, "p_i_given_j": 0.1955}, {"i": 10, "j": 19, "strength": 0.2685, "corr": -0.0057, "p_j_given_i": 0.2685, "p_i_given_j": 0.1592}, {"i": 10, "j": 11, "strength": 0.2685, "corr": 0.1238, "p_j_given_i": 0.2685, "p_i_given_j": 0.2657}, {"i": 3, "j": 19, "strength": 0.2668, "corr": -0.0054, "p_j_given_i": 0.2668, "p_i_given_j": 0.0901}, {"i": 6, "j": 19, "strength": 0.2644, "corr": -0.009, "p_j_given_i": 0.2644, "p_i_given_j": 0.1347}, {"i": 9, "j": 10, "strength": 0.264, "corr": 0.1133, "p_j_given_i": 0.264, "p_i_given_j": 0.2359}, {"i": 7, "j": 8, "strength": 0.2505, "corr": 0.1089, "p_j_given_i": 0.2505, "p_i_given_j": 0.2238}], "top_corr_pairs": [{"i": 14, "j": 15, "corr": 0.135}, {"i": 18, "j": 19, "corr": 0.1269}, {"i": 10, "j": 11, "corr": 0.1238}, {"i": 2, "j": 3, "corr": 0.1207}, {"i": 15, "j": 16, "corr": 0.1204}, {"i": 11, "j": 12, "corr": 0.1178}, {"i": 12, "j": 13, "corr": 0.115}, {"i": 0, "j": 1, "corr": 0.1144}]}, "tail": {"s_values": [0, 1, 2, 3, 4, 5, 6, 7, 8, 9, 10, 11, 12, 13, 14, 15, 16, 17, 18, 19, 20], "shots": {"quantum": 100000, "copula": 100000}, "series": {"quantum": {"survival": [1.0, 0.95757, 0.82614, 0.62431, 0.40626, 0.22744, 0.10858, 0.04579, 0.01641, 0.00531, 0.00142, 0.00036, 8e-05, 2e-05, 0.0, 0.0, 0.0, 0.0, 0.0, 0.0, 0.0], "lo": [0.999962, 0.956303, 0.823778, 0.621304, 0.40322, 0.224852, 0.106667, 0.044512, 0.015641, 0.004878, 0.001205, 0.00026, 4.1e-05, 5e-06, 0.0, 0.0, 0.0, 0.0, 0.0, 0.0, 0.0], "hi": [1.0, 0.958802, 0.828476, 0.627307, 0.409308, 0.230049, 0.110523, 0.047103, 0.017216, 0.00578, 0.001673, 0.000498, 0.000158, 7.3e-05, 3.8e-05, 3.8e-05, 3.8e-05, 3.8e-05, 3.8e-05, 3.8e-05, 3.8e-05], "node_joint": [[0.05127, 0.06375, 0.08032, 0.09261, 0.13606, 0.12672, 0.13974, 0.13567, 0.15185, 0.14526, 0.1626, 0.16431, 0.19923, 0.18578, 0.21704, 0.21067, 0.22403, 0.23674, 0.22171, 0.27433], [0.05127, 0.06375, 0.08032, 0.09261, 0.13606, 0.12672, 0.13974, 0.13567, 0.15185, 0.14526, 0.1626, 0.16431, 0.19923, 0.18578, 0.21704, 0.21067, 0.22403, 0.23674, 0.22171, 0.27433], [0.04959, 0.06154, 0.07747, 0.08912, 0.13051, 0.12191, 0.13403, 0.13044, 0.14557, 0.13965, 0.15617, 0.15795, 0.19067, 0.17856, 0.20802, 0.20215, 0.21533, 0.22661, 0.21277, 0.2602], [0.04393, 0.05455, 0.06843, 0.0783, 0.11386, 0.1068, 0.11759, 0.11346, 0.12661, 0.12229, 0.13618, 0.13844, 0.16616, 0.15522, 0.1811, 0.17549, 0.18719, 0.19538, 0.18424, 0.21938], [0.03377, 0.0422, 0.05307, 0.06067, 0.08639, 0.08127, 0.08923, 0.08649, 0.09646, 0.09393, 0.10442, 0.10508, 0.12547, 0.11806, 0.13725, 0.13265, 0.1408, 0.14461, 0.13819, 0.16044], [0.02278, 0.02789, 0.03591, 0.04046, 0.05685, 0.05315, 0.05891, 0.05676, 0.06377, 0.06194, 0.06825, 0.06901, 0.08104, 0.07597, 0.08769, 0.08472, 0.08978, 0.09158, 0.08874, 0.09997], [0.0125, 0.01585, 0.02042, 0.02248, 0.03172, 0.02936, 0.03305, 0.03131, 0.03559, 0.03393, 0.03788, 0.03834, 0.04397, 0.04133, 0.04812, 0.04653, 0.04866, 0.04949, 0.04784, 0.0525], [0.00634, 0.00817, 0.0101, 0.01102, 0.01527, 0.01428, 0.01604, 0.01559, 0.01716, 0.01644, 0.0185, 0.01837, 0.02098, 0.01923, 0.02221, 0.02209, 0.02237, 0.02354, 0.02251, 0.02392], [0.00271, 0.00358, 0.00391, 0.00462, 0.00593, 0.00558, 0.00661, 0.0062, 0.00691, 0.00688, 0.00768, 0.0077, 0.00836, 0.00791, 0.00901, 0.00841, 0.00881, 0.00946, 0.009, 0.0092], [0.00107, 0.00146, 0.00154, 0.00172, 0.00226, 0.00214, 0.0024, 0.00232, 0.00244, 0.00239, 0.00288, 0.00273, 0.00297, 0.0028, 0.00311, 0.00279, 0.0031, 0.00313, 0.00318, 0.00324], [0.00038, 0.00056, 0.00045, 0.00054, 0.00072, 0.00058, 0.00068, 0.0007, 0.00082, 0.00073, 0.00077, 0.00077, 0.00088, 0.00089, 0.00095, 0.00076, 0.00081, 0.00084, 0.00089, 0.00094], [0.00012, 0.00017, 0.00011, 0.00014, 0.00023, 0.00016, 0.00017, 0.00016, 0.00022, 0.00019, 0.00024, 0.00023, 0.00024, 0.0003, 0.00021, 0.00022, 0.00024, 0.00021, 0.00023, 0.00027], [2e-05, 7e-05, 2e-05, 3e-05, 4e-05, 4e-05, 3e-05, 3e-05, 5e-05, 5e-05, 7e-05, 6e-05, 6e-05, 8e-05, 7e-05, 5e-05, 6e-05, 4e-05, 5e-05, 6e-05], [0.0, 1e-05, 0.0, 1e-05, 2e-05, 2e-05, 2e-05, 2e-05, 1e-05, 2e-05, 2e-05, 2e-05, 1e-05, 2e-05, 1e-05, 2e-05, 1e-05, 1e-05, 0.0, 1e-05], [0.0, 0.0, 0.0, 0.0, 0.0, 0.0, 0.0, 0.0, 0.0, 0.0, 0.0, 0.0, 0.0, 0.0, 0.0, 0.0, 0.0, 0.0, 0.0, 0.0], [0.0, 0.0, 0.0, 0.0, 0.0, 0.0, 0.0, 0.0, 0.0, 0.0, 0.0, 0.0, 0.0, 0.0, 0.0, 0.0, 0.0, 0.0, 0.0, 0.0], [0.0, 0.0, 0.0, 0.0, 0.0, 0.0, 0.0, 0.0, 0.0, 0.0, 0.0, 0.0, 0.0, 0.0, 0.0, 0.0, 0.0, 0.0, 0.0, 0.0], [0.0, 0.0, 0.0, 0.0, 0.0, 0.0, 0.0, 0.0, 0.0, 0.0, 0.0, 0.0, 0.0, 0.0, 0.0, 0.0, 0.0, 0.0, 0.0, 0.0], [0.0, 0.0, 0.0, 0.0, 0.0, 0.0, 0.0, 0.0, 0.0, 0.0, 0.0, 0.0, 0.0, 0.0, 0.0, 0.0, 0.0, 0.0, 0.0, 0.0], [0.0, 0.0, 0.0, 0.0, 0.0, 0.0, 0.0, 0.0, 0.0, 0.0, 0.0, 0.0, 0.0, 0.0, 0.0, 0.0, 0.0, 0.0, 0.0, 0.0], [0.0, 0.0, 0.0, 0.0, 0.0, 0.0, 0.0, 0.0, 0.0, 0.0, 0.0, 0.0, 0.0, 0.0, 0.0, 0.0, 0.0, 0.0, 0.0, 0.0]]}, "gaussian": {"survival": [1.0, 0.95616, 0.82666, 0.62347, 0.40361, 0.22301, 0.10875, 0.04578, 0.01635, 0.00542, 0.00134, 0.00037, 5e-05, 1e-05, 0.0, 0.0, 0.0, 0.0, 0.0, 0.0, 0.0], "lo": [0.999962, 0.954873, 0.824301, 0.620462, 0.400573, 0.220441, 0.106835, 0.044502, 0.015582, 0.004984, 0.001132, 0.000268, 2.1e-05, 2e-06, 0.0, 0.0, 0.0, 0.0, 0.0, 0.0, 0.0], "hi": [1.0, 0.957412, 0.828994, 0.626468, 0.406655, 0.225601, 0.110695, 0.047093, 0.017155, 0.005894, 0.001587, 0.00051, 0.000117, 5.7e-05, 3.8e-05, 3.8e-05, 3.8e-05, 3.8e-05, 3.8e-05, 3.8e-05, 3.8e-05], "node_joint": [[0.05179, 0.06294, 0.08103, 0.09302, 0.13566, 0.12554, 0.1398, 0.13477, 0.15084, 0.14406, 0.16083, 0.1632, 0.19997, 0.18634, 0.21535, 0.21095, 0.22341, 0.23541, 0.2222, 0.27387], [0.05179, 0.06294, 0.08103, 0.09302, 0.13566, 0.12554, 0.1398, 0.13477, 0.15084, 0.14406, 0.16083, 0.1632, 0.19997, 0.18634, 0.21535, 0.21095, 0.22341, 0.23541, 0.2222, 0.27387], [0.0498, 0.06053, 0.07816, 0.0898, 0.13024, 0.12094, 0.13448, 0.1296, 0.14479, 0.13885, 0.15483, 0.15725, 0.19178, 0.17871, 0.20675, 0.20298, 0.21464, 0.22512, 0.21319, 0.25904], [0.04381, 0.05335, 0.06884, 0.07934, 0.11306, 0.10553, 0.11769, 0.11282, 0.12645, 0.1211, 0.13583, 0.1372, 0.16684, 0.15445, 0.17903, 0.17664, 0.18629, 0.19323, 0.18506, 0.21854], [0.03356, 0.04146, 0.0533, 0.06082, 0.08616, 0.08024, 0.08925, 0.08583, 0.09518, 0.09231, 0.1031, 0.10408, 0.1255, 0.1165, 0.13466, 0.13301, 0.13987, 0.14438, 0.13788, 0.15843], [0.02243, 0.02782, 0.03531, 0.03991, 0.05593, 0.052, 0.05826, 0.05514, 0.06108, 0.06021, 0.06705, 0.06732, 0.08063, 0.07568, 0.08593, 0.08474, 0.0888, 0.09, 0.08698, 0.0979], [0.01277, 0.01668, 0.02061, 0.02286, 0.03153, 0.0296, 0.03268, 0.0316, 0.03426, 0.03432, 0.03787, 0.03756, 0.045, 0.04228, 0.04772, 0.04702, 0.04849, 0.04924, 0.04728, 0.05245], [0.00628, 0.00833, 0.01015, 0.01153, 0.0151, 0.0144, 0.01552, 0.01477, 0.01649, 0.01737, 0.0185, 0.01796, 0.02083, 0.02018, 0.02244, 0.02176, 0.02313, 0.0232, 0.02211, 0.02395], [0.0028, 0.00335, 0.00419, 0.00495, 0.00618, 0.0059, 0.0065, 0.00607, 0.00669, 0.00701, 0.00774, 0.00731, 0.00813, 0.00809, 0.00875, 0.0088, 0.00912, 0.00908, 0.00851, 0.00882], [0.00107, 0.00133, 0.00166, 0.00197, 0.00217, 0.00208, 0.00242, 0.00233, 0.00237, 0.00251, 0.00293, 0.0027, 0.003, 0.00296, 0.00297, 0.00327, 0.00323, 0.00331, 0.00318, 0.00309], [0.00026, 0.0004, 0.00053, 0.00056, 0.0006, 0.00058, 0.00068, 0.00066, 0.00068, 0.00064, 0.00071, 0.00077, 0.00083, 0.00071, 0.00083, 0.00089, 0.00085, 0.00088, 0.0009, 0.00087], [6e-05, 0.00012, 0.00015, 0.00014, 0.00015, 0.00018, 0.00013, 0.00022, 0.00022, 0.0002, 0.0002, 0.00027, 0.00029, 0.00022, 0.00023, 0.00027, 0.00027, 0.00024, 0.00031, 0.00026], [0.0, 3e-05, 3e-05, 3e-05, 3e-05, 2e-05, 0.0, 4e-05, 5e-05, 2e-05, 2e-05, 4e-05, 5e-05, 1e-05, 3e-05, 3e-05, 4e-05, 4e-05, 5e-05, 5e-05], [0.0, 1e-05, 1e-05, 1e-05, 1e-05, 0.0, 0.0, 0.0, 1e-05, 0.0, 0.0, 1e-05, 1e-05, 0.0, 1e-05, 1e-05, 1e-05, 1e-05, 1e-05, 1e-05], [0.0, 0.0, 0.0, 0.0, 0.0, 0.0, 0.0, 0.0, 0.0, 0.0, 0.0, 0.0, 0.0, 0.0, 0.0, 0.0, 0.0, 0.0, 0.0, 0.0], [0.0, 0.0, 0.0, 0.0, 0.0, 0.0, 0.0, 0.0, 0.0, 0.0, 0.0, 0.0, 0.0, 0.0, 0.0, 0.0, 0.0, 0.0, 0.0, 0.0], [0.0, 0.0, 0.0, 0.0, 0.0, 0.0, 0.0, 0.0, 0.0, 0.0, 0.0, 0.0, 0.0, 0.0, 0.0, 0.0, 0.0, 0.0, 0.0, 0.0], [0.0, 0.0, 0.0, 0.0, 0.0, 0.0, 0.0, 0.0, 0.0, 0.0, 0.0, 0.0, 0.0, 0.0, 0.0, 0.0, 0.0, 0.0, 0.0, 0.0], [0.0, 0.0, 0.0, 0.0, 0.0, 0.0, 0.0, 0.0, 0.0, 0.0, 0.0, 0.0, 0.0, 0.0, 0.0, 0.0, 0.0, 0.0, 0.0, 0.0], [0.0, 0.0, 0.0, 0.0, 0.0, 0.0, 0.0, 0.0, 0.0, 0.0, 0.0, 0.0, 0.0, 0.0, 0.0, 0.0, 0.0, 0.0, 0.0, 0.0], [0.0, 0.0, 0.0, 0.0, 0.0, 0.0, 0.0, 0.0, 0.0, 0.0, 0.0, 0.0, 0.0, 0.0, 0.0, 0.0, 0.0, 0.0, 0.0, 0.0]]}, "student_t": {"survival": [1.0, 0.92684, 0.77839, 0.592, 0.40623, 0.25337, 0.14317, 0.0701, 0.02975, 0.011, 0.00308, 0.00069, 0.00013, 1e-05, 0.0, 0.0, 0.0, 0.0, 0.0, 0.0, 0.0], "lo": [0.999962, 0.92521, 0.775805, 0.58895, 0.40319, 0.250684, 0.141013, 0.068534, 0.028715, 0.010372, 0.002755, 0.000545, 7.6e-05, 2e-06, 0.0, 0.0, 0.0, 0.0, 0.0, 0.0, 0.0], "hi": [1.0, 0.928438, 0.780954, 0.595043, 0.409278, 0.256075, 0.145355, 0.071699, 0.030821, 0.011666, 0.003443, 0.000873, 0.000222, 5.7e-05, 3.8e-05, 3.8e-05, 3.8e-05, 3.8e-05, 3.8e-05, 3.8e-05, 3.8e-05]}}}}