{
  "node_names": [
    "Global Bank A",
    "Global Bank B",
    "Regional Bank",
    "Mortgage Lender",
    "Life Insurer",
    "Reinsurer",
    "Pension Fund",
    "Credit Fund",
    "Real Estate Fund",
    "Industrial Corporate",
    "Energy Corporate",
    "Retail Corporate",
    "Sovereign A",
    "Sovereign B",
    "Central Counterparty",
    "Payments Utility"
  ],
  "node_types": [
    "bank",
    "bank",
    "bank",
    "bank",
    "insurer",
    "insurer",
    "fund",
    "fund",
    "fund",
    "corporate",
    "corporate",
    "corporate",
    "sovereign",
    "sovereign",
    "CCP",
    "CCP"
  ],
  "exposure_matrix": [
    [
      0.0,
      0.0,
      0.0,
      0.0,
      0.0,
      0.0,
      0.0,
      0.11587883799110407,
      0.0,
      0.0,
      0.0,
      0.0,
      0.06251024103442844,
      0.0,
      0.0,
      0.0
    ],
    [
      0.0,
      0.0,
      0.0,
      0.0,
      0.05979466643776906,
      0.0,
      0.07049136347466883,
      0.0,
      0.0,
      0.0,
      0.0,
      0.0,
      0.0,
      0.09827576834021236,
      0.06578654525984678,
      0.06582254540688944
    ],
    [
      0.20877498472552894,
      0.13740028867253762,
      0.0,
      0.0,
      0.0,
      0.0,
      0.0,
      0.0,
      0.09468877595028997,
      0.0,
      0.0,
      0.0,
      0.0,
      0.09533755407938241,
      0.0,
      0.12309412306060208
    ],
    [
      0.19057718347832361,
      0.10842244818609023,
      0.0,
      0.0,
      0.0,
      0.040086236273912765,
      0.0,
      0.0,
      0.10676690339106697,
      0.04727137574278201,
      0.0,
      0.0,
      0.0,
      0.15665928205534227,
      0.0,
      0.0
    ],
    [
      0.0,
      0.10429417724136736,
      0.0,
      0.0,
      0.0,
      0.11406496515325011,
      0.0,
      0.0,
      0.0,
      0.0,
      0.0,
      0.05444510072172479,
      0.0,
      0.0,
      0.0,
      0.0
    ],
    [
      0.03198151316280693,
      0.02706624706726806,
      0.0,
      0.0,
      0.12855976802036442,
      0.0,
      0.0,
      0.0,
      0.0,
      0.0,
      0.0,
      0.0,
      0.0,
      0.0,
      0.04988206764720975,
      0.07814967500796273
    ],
    [
      0.0,
      0.03835908761069707,
      0.0,
      0.057102157997867185,
      0.0,
      0.0,
      0.0,
      0.0,
      0.13975410122043222,
      0.0,
      0.02641607339425447,
      0.0,
      0.0,
      0.0,
      0.040380005412800755,
      0.0
    ],
    [
      0.0,
      0.0,
      0.0,
      0.0,
      0.0,
      0.0,
      0.11744754042856437,
      0.0,
      0.09225357549284498,
      0.09325170075270563,
      0.0,
      0.0,
      0.05752133602137825,
      0.0,
      0.0,
      0.0
    ],
    [
      0.0,
      0.0,
      0.0,
      0.03919142197302903,
      0.04148845660327858,
      0.0,
      0.08710151002211362,
      0.06515711686450405,
      0.0,
      0.0,
      0.0,
      0.0,
      0.0,
      0.0,
      0.0,
      0.09320624914095839
    ],
    [
      0.0,
      0.0,
      0.0,
      0.0,
      0.04444929980095138,
      0.0,
      0.0,
      0.0,
      0.0,
      0.0,
      0.10571083015416809,
      0.12112520913373312,
      0.10247511936389235,
      0.0,
      0.04309377518646814,
      0.11555114181366687
    ],
    [
      0.06905645777859451,
      0.0,
      0.0,
      0.0,
      0.0,
      0.0,
      0.07898491442364884,
      0.07938053705179826,
      0.0,
      0.0,
      0.0,
      0.05904203684294761,
      0.0,
      0.0765998530717799,
      0.0,
      0.0
    ],
    [
      0.0,
      0.0,
      0.0496052113252007,
      0.0,
      0.02912699869284052,
      0.0,
      0.0,
      0.06801438556426063,
      0.0,
      0.0,
      0.0,
      0.0,
      0.0,
      0.0,
      0.0,
      0.0
    ],
    [
      0.06387199654120276,
      0.0,
      0.030641698762272254,
      0.0,
      0.0,
      0.02991590802945058,
      0.0,
      0.053127371645407324,
      0.04867824323188141,
      0.0,
      0.0,
      0.0,
      0.0,
      0.07348412558300424,
      0.12595509841380068,
      0.29414096242007604
    ],
    [
      0.0,
      0.0,
      0.08842818396267325,
      0.0,
      0.05377879443154256,
      0.07713858095863232,
      0.0,
      0.035492750879235146,
      0.0,
      0.0,
      0.032249154960017824,
      0.0,
      0.09631391918018886,
      0.0,
      0.3102364726402487,
      0.0
    ],
    [
      0.0,
      0.0,
      0.0,
      0.05360105076463958,
      0.0,
      0.049117108979188126,
      0.0,
      0.0,
      0.0,
      0.10453276723950447,
      0.0,
      0.0,
      0.0,
      0.0,
      0.0,
      0.0
    ],
    [
      0.0,
      0.0,
      0.0,
      0.0,
      0.05049230792833068,
      0.0,
      0.0,
      0.0,
      0.0,
      0.0,
      0.10782065984978742,
      0.0,
      0.14526615414595487,
      0.0,
      0.24247542229510333,
      0.0
    ]
  ],
  "capital_buffers": [
    0.2035060098315801,
    0.21184243268227976,
    0.27562809576472996,
    0.32276922383491957,
    0.23582109677246432,
    0.1802180477545365,
    0.22157725326301164,
    0.24695863477874133,
    0.24496628688879635,
    0.23894401826901235,
    0.18900265681938413,
    0.20011877331076722,
    0.29088883210371375,
    0.2883632046944625,
    0.18402649426165454,
    0.26859711528454017
  ],
  "marginal_default_probs": [
    0.028379118008942245,
    0.02250085110566019,
    0.030101491496379154,
    0.022780545886231088,
    0.020574479085810993,
    0.015271082651071896,
    0.035659018040030334,
    0.029178607401684337,
    0.03331301738403741,
    0.04280115974190805,
    0.050503245499719074,
    0.04549983043158035,
    0.0101261427864603,
    0.014856622763522143,
    0.007159522252904999,
    0.007229136316132975
  ],
  "target_pairwise_corr": [
    [
      1.0,
      0.34,
      0.4255231875721067,
      0.4180685877238024,
      0.06,
      0.07310099939730988,
      0.06,
      0.107468941790032,
      0.06,
      0.06,
      0.08828848676209161,
      0.06,
      0.15177158472396998,
      0.1,
      0.1,
      0.1
    ],
    [
      0.34,
      1.0,
      0.396285050989474,
      0.3844144847402887,
      0.12721782772447676,
      0.07108749560130562,
      0.10458981308378867,
      0.06,
      0.06,
      0.06,
      0.06,
      0.06,
      0.1,
      0.14025796951010452,
      0.12694899035617452,
      0.126963737560358
    ],
    [
      0.4255231875721067,
      0.396285050989474,
      1.0,
      0.34,
      0.06,
      0.06,
      0.06,
      0.06,
      0.09878858359020443,
      0.06,
      0.06,
      0.08032042200025304,
      0.11255215395761614,
      0.17527832754752237,
      0.1,
      0.15042463199973866
    ],
    [
      0.4180685877238024,
      0.3844144847402887,
      0.34,
      1.0,
      0.06,
      0.07642104157459634,
      0.08339149288236786,
      0.06,
      0.1197907898507812,
      0.07936438285341724,
      0.06,
      0.06,
      0.1,
      0.16417436064835358,
      0.12195728920604604,
      0.1
    ],
    [
      0.06,
      0.12721782772447676,
      0.06,
      0.06,
      1.0,
      0.43938949626613033,
      0.06,
      0.06,
      0.07699545115917102,
      0.07820833951597808,
      0.06,
      0.09423471611516607,
      0.1,
      0.12203010063498368,
      0.1,
      0.12068381481421397
    ],
    [
      0.07310099939730988,
      0.07108749560130562,
      0.06,
      0.07642104157459634,
      0.43938949626613033,
      1.0,
      0.06,
      0.06,
      0.06,
      0.06,
      0.06,
      0.06,
      0.11225483894613233,
      0.131599271038359,
      0.1405543085692691,
      0.132013458524219
    ],
    [
      0.06,
      0.10458981308378867,
      0.06,
      0.08339149288236786,
      0.06,
      0.06,
      1.0,
      0.38811154958607674,
      0.4329297876255994,
      0.06,
      0.10317676499072266,
      0.06,
      0.1,
      0.1,
      0.11654138201289668,
      0.1
    ],
    [
      0.107468941790032,
      0.06,
      0.06,
      0.06,
      0.06,
      0.06,
      0.38811154958607674,
      1.0,
      0.4044821705341338,
      0.09819989595677073,
      0.09251767240591907,
      0.08786160929127143,
      0.145326456102193,
      0.11453935295402135,
      0.1,
      0.1
    ],
    [
      0.06,
      0.06,
      0.09878858359020443,
      0.1197907898507812,
      0.07699545115917102,
      0.06,
      0.4329297876255994,
      0.4044821705341338,
      1.0,
      0.06,
      0.06,
      0.06,
      0.11994069611392366,
      0.1,
      0.1,
      0.13818127702729494
    ],
    [
      0.06,
      0.06,
      0.06,
      0.07936438285341724,
      0.07820833951597808,
      0.06,
      0.06,
      0.09819989595677073,
      0.06,
      1.0,
      0.3833036897000071,
      0.3896180804135785,
      0.14197820378889736,
      0.1,
      0.1604741631049162,
      0.14733470338169746
    ],
    [
      0.08828848676209161,
      0.06,
      0.06,
      0.06,
      0.06,
      0.06,
      0.10317676499072266,
      0.09251767240591907,
      0.06,
      0.3833036897000071,
      1.0,
      0.3641861504537866,
      0.1,
      0.14458922194715826,
      0.1,
      0.14416796642856666
    ],
    [
      0.06,
      0.06,
      0.08032042200025304,
      0.06,
      0.09423471611516607,
      0.06,
      0.06,
      0.08786160929127143,
      0.06,
      0.3896180804135785,
      0.3641861504537866,
      1.0,
      0.1,
      0.1,
      0.1,
      0.1
    ],
    [
      0.15177158472396998,
      0.1,
      0.11255215395761614,
      0.1,
      0.1,
      0.11225483894613233,
      0.1,
      0.145326456102193,
      0.11994069611392366,
      0.14197820378889736,
      0.1,
      0.1,
      1.0,
      0.44955656134163197,
      0.431596610204371,
      0.56
    ],
    [
      0.1,
      0.14025796951010452,
      0.17527832754752237,
      0.16417436064835358,
      0.12203010063498368,
      0.131599271038359,
      0.1,
      0.11453935295402135,
      0.1,
      0.1,
      0.14458922194715826,
      0.1,
      0.44955656134163197,
      1.0,
      0.5070861644473461,
      0.38
    ],
    [
      0.1,
      0.12694899035617452,
      0.1,
      0.12195728920604604,
      0.1,
      0.1405543085692691,
      0.11654138201289668,
      0.1,
      0.1,
      0.1604741631049162,
      0.1,
      0.1,
      0.431596610204371,
      0.5070861644473461,
      1.0,
      0.479328332126728
    ],
    [
      0.1,
      0.126963737560358,
      0.15042463199973866,
      0.1,
      0.12068381481421397,
      0.132013458524219,
      0.1,
      0.1,
      0.13818127702729494,
      0.14733470338169746,
      0.14416796642856666,
      0.1,
      0.56,
      0.38,
      0.479328332126728,
      1.0
    ]
  ],
  "target_joint_probs": null,
  "clusters": [
    "banks",
    "banks",
    "banks",
    "banks",
    "insurers",
    "insurers",
    "funds",
    "funds",
    "funds",
    "corporates",
    "corporates",
    "corporates",
    "sovereign_ccp",
    "sovereign_ccp",
    "sovereign_ccp",
    "sovereign_ccp"
  ],
  "metadata": {
    "name": "Synthetic systemic stress network",
    "seed": 7,
    "correlation_space": "binary_default",
    "description": "Directed weighted exposures with visible financial communities."
  }
}